vertex_index;vertex_x;vertex_y;ldos
0;86.0;-51.96152422706632;6.905507510186782e-05
1;84.5;-52.827549630850754;9.082182395601929e-05
2;87.5;-49.363448015713;3.383536362271988e-05
3;86.0;-50.22947341949744;6.905507510186781e-05
4;84.5;-51.09549882328187;1.4886687606642039e-06
5;83.0;-51.96152422706631;9.082182395601929e-05
6;81.5;-52.827549630850754;0.00012889863666537668
7;87.5;-47.63139720814413;3.383536362271987e-05
8;86.0;-48.49742261192857;6.215652434346993e-06
9;84.5;-49.363448015713004;5.026566376904476e-05
10;83.0;-50.229473419497445;0.00011556591033149913
11;81.5;-51.095498823281886;3.3244413660156314e-06
12;80.0;-51.96152422706632;0.00012889863666537668
13;78.5;-52.82754963085076;0.00018180706617450075
14;87.5;-45.89934640057525;3.3835363622719876e-05
15;86.0;-46.76537180435969;1.1046957012265955e-05
16;84.5;-47.63139720814412;9.183291562237875e-05
17;83.0;-48.49742261192856;1.3398018845977833e-05
18;81.5;-49.363448015713004;7.968871434358328e-05
19;80.0;-50.22947341949744;0.00017362433210676534
20;78.5;-51.09549882328188;4.5378863337980885e-06
21;77.0;-51.96152422706632;0.00018180706617450078
22;75.5;-52.827549630850754;0.0002488982852673204
23;86.0;-45.033320996790806;8.354898883562465e-05
24;84.5;-45.89934640057524;3.9178247186263425e-05
25;83.0;-46.76537180435968;3.50774132683563e-05
26;81.5;-47.63139720814412;0.0001584372005662241
27;80.0;-48.497422611928556;1.8060843023035714e-05
28;78.5;-49.363448015713;0.00012202355141391913
29;77.0;-50.22947341949744;0.00024379126835122103
30;75.5;-51.09549882328187;5.257507304302996e-06
31;74.0;-51.96152422706631;0.0002488982852673205
32;72.5;-52.82754963085075;0.0003297852645854997
33;86.0;-43.30127018922194;8.354898883562464e-05
34;84.5;-44.16729559300637;8.301663062615275e-06
35;83.0;-45.03332099679081;0.00014839799836441014
36;81.5;-45.899346400575254;4.441642925350775e-05
37;80.0;-46.76537180435969;6.951188731779076e-05
38;78.5;-47.63139720814413;0.00023397471784038383
39;77.0;-48.49742261192857;2.0861046816243254e-05
40;75.5;-49.363448015713004;0.00017744613955651334
41;74.0;-50.229473419497445;0.00032650451896874615
42;72.5;-51.09549882328188;5.680977915274801e-06
43;71.0;-51.96152422706632;0.00032978526458549975
44;69.5;-52.82754963085076;0.00042422241869145946
45;84.5;-42.43524478543749;0.0001445230566102164
46;83.0;-43.30127018922193;8.650136567597843e-05
47;81.5;-44.16729559300637;3.0440671170455225e-05
48;80.0;-45.033320996790806;0.0002250583273753734
49;78.5;-45.89934640057525;4.8425638158261875e-05
50;77.0;-46.76537180435969;0.00011510806457270598
51;75.5;-47.63139720814412;0.0003199905825227664
52;74.0;-48.49742261192856;2.2548679141043074e-05
53;72.5;-49.363448015713;0.0002460492104189343
54;71.0;-50.22947341949744;0.00042203419973422835
55;69.5;-51.09549882328188;5.937358798668954e-06
56;68.0;-51.96152422706631;0.0004242224186914594
57;66.5;-52.827549630850754;0.000532057953568823
58;84.5;-40.70319397786861;0.00014452305661021638
59;83.0;-41.56921938165305;7.404729338990738e-06
60;81.5;-42.43524478543749;0.0002195706805739576
61;80.0;-43.301270189221924;8.995835051270768e-05
62;78.5;-44.167295593006365;6.469131119940372e-05
63;77.0;-45.033320996790806;0.00031285458518343274
64;75.5;-45.89934640057524;5.125755166306095e-05
65;74.0;-46.76537180435968;0.0001726526527334841
66;72.5;-47.631397208144115;0.00041756882227698153
67;71.0;-48.497422611928556;2.3595453355229293e-05
68;69.5;-49.363448015713;0.0003278562556240763
69;68.0;-50.22947341949743;0.000530534290394757
70;66.5;-51.09549882328187;6.099522217524914e-06
71;65.0;-51.96152422706631;0.0005320579535688232
72;63.5;-52.82754963085075;0.0006532018088316147
73;83.0;-39.83716857408418;0.0002173542062224358
74;81.5;-40.70319397786862;0.00014633146505834335
75;80.0;-41.569219381653056;2.8443874983495355e-05
76;78.5;-42.4352447854375;0.0003072212665146123
77;77.0;-43.30127018922194;9.301840505546527e-05
78;75.5;-44.16729559300637;0.00011084421496876907
79;74.0;-45.03332099679081;0.00041205644823097415
80;72.5;-45.89934640057525;5.321359847635885e-05
81;71.0;-46.76537180435969;0.0002426424816786547
82;69.5;-47.63139720814413;0.0005273598325756651
83;68.0;-48.49742261192856;2.4270684298705482e-05
84;66.5;-49.363448015713004;0.00042286201133583866
85;65.0;-50.229473419497445;0.0006520925328812365
86;63.5;-51.09549882328188;6.207231468244711e-06
87;62.0;-51.96152422706632;0.0006532018088316147
88;60.5;-52.82754963085076;0.0007876007840702885
89;83.0;-38.1051177665153;0.0002173542062224358
90;81.5;-38.97114317029974;7.0022854432982755e-06
91;80.0;-39.837168574084174;0.00030380609448854004
92;78.5;-40.703193977868615;0.0001487045756344717
93;77.0;-41.569219381653056;6.214363663142731e-05
94;75.5;-42.43524478543749;0.0004069443975033571
95;74.0;-43.30127018922193;9.547079280235708e-05
96;72.5;-44.167295593006365;0.00016911463895148864
97;71.0;-45.033320996790806;0.0005231169839053525
98;69.5;-45.89934640057525;5.4572657296211165e-05
99;68.0;-46.76537180435968;0.0003253617916093695
100;66.5;-47.63139720814412;0.000649747111499238
101;65.0;-48.49742261192856;2.4725692906578778e-05
102;63.5;-49.363448015713;0.0005310568582162462
103;62.0;-50.22947341949744;0.0007867601270308953
104;60.5;-51.09549882328188;6.282106060519062e-06
105;59.0;-51.96152422706631;0.0007876007840702885
106;57.5;-52.827549630850754;0.0009352179292044919
107;81.5;-37.23909236273087;0.0003023815182731249
108;80.0;-38.105117766515306;0.00021856225279313598
109;78.5;-38.97114317029975;2.741135769785827e-05
110;77.0;-39.83716857408419;0.00040310890105754146
111;75.5;-40.70319397786862;0.00015103769366872714
112;74.0;-41.56921938165306;0.00010820050637766449
113;72.5;-42.4352447854375;0.0005187153879194501
114;71.0;-43.30127018922194;9.736444486650905e-05
115;69.5;-44.16729559300638;0.00023976726024111633
116;68.0;-45.03332099679081;0.0006464366631611422
117;66.5;-45.899346400575254;5.5537515362327616e-05
118;65.0;-46.765371804359695;0.0004209737113434016
119;63.5;-47.63139720814413;0.0007849615099492185
120;62.0;-48.49742261192857;2.504575841566216e-05
121;60.5;-49.36344801571301;0.0006524362508261418
122;59.0;-50.229473419497445;0.0009345639714300006
123;57.5;-51.095498823281886;6.335827466652801e-06
124;56.0;-51.96152422706633;0.0009352179292044921
125;54.5;-52.82754963085076;0.0010960136856605965
126;81.5;-35.50704155516199;0.0003023815182731249
127;80.0;-36.373066958946424;6.7874297194561776e-06
128;78.5;-37.239092362730865;0.0004007778493291135
129;77.0;-38.105117766515306;0.00022028455980701607
130;75.5;-38.97114317029974;6.0650338557830456e-05
131;74.0;-39.83716857408418;0.0005149126409830706
132;72.5;-40.703193977868615;0.00015310045495909043
133;71.0;-41.569219381653056;0.00016661599313478917
134;69.5;-42.4352447854375;0.0006427118496886507
135;68.0;-43.30127018922193;9.881749312661189e-05
136;66.5;-44.16729559300637;0.0003230204287803978
137;65.0;-45.03332099679081;0.0007823205395846563
138;63.5;-45.89934640057525;5.624281007117871e-05
139;62.0;-46.76537180435969;0.0005295793357776899
140;60.5;-47.63139720814413;0.000933143979192846
141;59.0;-48.49742261192856;2.5278846751562676e-05
142;57.5;-49.363448015713004;0.0007870006620630729
143;56.0;-50.229473419497445;0.0010955067292720009
144;54.5;-51.09549882328188;6.374435226696265e-06
145;53.0;-51.96152422706632;0.0010960136856605972
146;51.5;-52.82754963085076;0.0012699265793520652
147;80.0;-34.64101615137754;0.0003997756431920261
148;78.5;-35.50704155516198;0.0003032532186636622
149;77.0;-36.373066958946424;2.680599269667242e-05
150;75.5;-37.23909236273086;0.0005121087128971863
151;74.0;-38.1051177665153;0.0002221248604686659
152;72.5;-38.97114317029973;0.0001064675159624237
153;71.0;-39.837168574084174;0.0006391470937896039
154;69.5;-40.703193977868615;0.00015484767311507695
155;68.0;-41.56921938165305;0.0002375008762025117
156;66.5;-42.43524478543749;0.000779161691061888
157;65.0;-43.30127018922193;9.994449703576224e-05
158;63.5;-44.167295593006365;0.00041904026079114885
159;62.0;-45.033320996790806;0.0009309889461050093
160;60.5;-45.89934640057525;5.6773431531018784e-05
161;59.0;-46.76537180435968;0.0006512498867250866
162;57.5;-47.63139720814412;0.001094375018383085
163;56.0;-48.49742261192856;2.5451095762302206e-05
164;54.5;-49.363448015713;0.0009347496392121223
165;53.0;-50.22947341949744;0.0012695583125700944
166;51.5;-51.09549882328188;6.400555023435006e-06
167;50.0;-51.96152422706631;0.0012699265793520657
168;48.5;-52.827549630850754;0.001456851703689697
169;80.0;-32.908965343808674;0.0003997756431920261
170;78.5;-33.774990747593115;6.6575512998392615e-06
171;77.0;-34.641016151377556;0.0005103811852264226
172;75.5;-35.50704155516199;0.0003045851733720384
173;74.0;-36.37306695894643;5.9690538720691604e-05
174;72.5;-37.239092362730865;0.0006361575378365965
175;71.0;-38.105117766515306;0.0002238928317500684
176;69.5;-38.97114317029975;0.00016480341206393285
177;68.0;-39.83716857408418;0.0007758923306138098
178;66.5;-40.70319397786862;0.0001563101177865613
179;65.0;-41.56921938165306;0.000320991779314955
180;63.5;-42.4352447854375;0.0009282805828850529
181;62.0;-43.30127018922194;0.00010083450506698379
182;60.5;-44.16729559300638;0.0005279561698143934
183;59.0;-45.03332099679081;0.0010925942004277565
184;57.5;-45.899346400575254;5.717993205545327e-05
185;56.0;-46.765371804359695;0.0007860414926138431
186;54.5;-47.63139720814413;0.0012686834902873602
187;53.0;-48.49742261192857;2.5575132335420405e-05
188;51.5;-49.36344801571301;0.001095671565377714
189;50.0;-50.229473419497445;0.0014566405830904034
190;48.5;-51.095498823281886;6.4145568537471615e-06
191;47.0;-51.96152422706633;0.0014568517036896971
192;45.5;-52.82754963085076;0.0016566156801480808
193;78.5;-32.04293994002423;0.0005096131703200684
194;77.0;-32.908965343808674;0.0004004559089208606
195;75.5;-33.77499074759311;2.6411879090503688e-05
196;74.0;-34.64101615137755;0.0006339484996328317
197;72.5;-35.50704155516198;0.0003061169582477784
198;71.0;-36.373066958946424;0.0001052494353387352
199;69.5;-37.239092362730865;0.0007728748616941081
200;68.0;-38.1051177665153;0.00022551827245264442
201;66.5;-38.97114317029974;0.00023569739719705312
202;65.0;-39.83716857408418;0.0009252941418256343
203;63.5;-40.703193977868615;0.0001575389954775342
204;62.0;-41.569219381653056;0.00041722387821453607
205;60.5;-42.4352447854375;0.001090250094897026
206;59.0;-43.30127018922193;0.00010154826462246661
207;57.5;-44.16729559300637;0.0006498762943416898
208;56.0;-45.03332099679081;0.001267229911095814
209;54.5;-45.89934640057525;5.7489028528243574e-05
210;53.0;-46.76537180435969;0.0009339990042592329
211;51.5;-47.63139720814413;0.0014560418307762793
212;50.0;-48.49742261192856;2.5654539794264444e-05
213;48.5;-49.363448015713004;0.0012697294682323084
214;47.0;-50.229473419497445;0.0016566059417348236
215;45.5;-51.09549882328188;6.415162852235571e-06
216;44.0;-51.96152422706632;0.001656615680148081
217;42.5;-52.82754963085076;0.001868947260507191
218;78.5;-30.310889132455348;0.0005096131703200685
219;77.0;-31.17691453623979;6.570091264596347e-06
220;75.5;-32.042939940024226;0.0006325548614748711
221;74.0;-32.90896534380867;0.00040156492959867547
222;72.5;-33.7749907475931;5.9015206434427695e-05
223;71.0;-34.64101615137754;0.0007703574074193942
224;69.5;-35.50704155516198;0.000307704652277132
225;68.0;-36.37306695894642;0.00016341432332259338
226;66.5;-37.23909236273086;0.0009223189979285739
227;65.0;-38.1051177665153;0.00022699063780260196
228;63.5;-38.97114317029973;0.00031923662179394373
229;62.0;-39.837168574084174;0.001087516345306487
230;60.5;-40.703193977868615;0.00015858054097290226
231;59.0;-41.56921938165305;0.0005263270824796117
232;57.5;-42.43524478543749;0.0012652097666518741
233;56.0;-43.30127018922193;0.0001021211600975741
234;54.5;-44.167295593006365;0.0007848974264890925
235;53.0;-45.033320996790806;0.0014549303502390013
236;51.5;-45.89934640057525;5.7710137981738545e-05
237;50.0;-46.76537180435968;0.0010951522820643884
238;48.5;-47.63139720814412;0.0016563511819951539
239;47.0;-48.49742261192856;2.5686254023283265e-05
240;45.5;-49.363448015713;0.0014568425712892408
241;44.0;-50.22947341949744;0.0018692099823109363
242;42.5;-51.09549882328188;6.39978039912213e-06
243;41.0;-51.96152422706631;0.0018689472605071913
244;39.5;-52.827549630850754;0.0020934433324262445
245;77.0;-29.44486372867092;0.0006319106142484691
246;75.5;-30.310889132455355;0.0005101917425916708
247;74.0;-31.176914536239796;2.6128028378123484e-05
248;72.5;-32.04293994002423;0.000768466070866718
249;71.0;-32.908965343808674;0.0004029324589568137
250;69.5;-33.774990747593115;0.00010432172843957844
251;68.0;-34.64101615137755;0.0009195979496222817
252;66.5;-35.50704155516199;0.00030927949793887235
253;65.0;-36.37306695894643;0.00023419701403423144
254;63.5;-37.239092362730865;0.0010846089992235706
255;62.0;-38.105117766515306;0.00022832173156508737
256;60.5;-38.97114317029975;0.00041553338995758174
257;59.0;-39.83716857408418;0.0012627146274540443
258;57.5;-40.70319397786862;0.0001594655697976556
259;56.0;-41.56921938165306;0.0006484298511145026
260;54.5;-42.4352447854375;0.0014532504675353341
261;53.0;-43.30127018922194;0.00010256683091593823
262;51.5;-44.16729559300638;0.0009331088453707157
263;50.0;-45.03332099679081;0.0016556601499891012
264;48.5;-45.899346400575254;5.783921114156695e-05
265;47.0;-46.765371804359695;0.0012695064325169165
266;45.5;-47.63139720814413;0.001869418103313704
267;44.0;-48.49742261192857;2.5661863448854524e-05
268;42.5;-49.36344801571301;0.0016568630287309022
269;41.0;-50.229473419497445;0.0020940784016645446
270;39.5;-51.095498823281886;6.364717808211062e-06
271;38.0;-51.96152422706633;0.002093443332426245
272;36.5;-52.82754963085076;0.0023295309253759575
273;77.0;-27.71281292110204;0.000631910614248469
274;75.5;-28.578838324886473;6.504580432314267e-06
275;74.0;-29.444863728670914;0.0007672336452062243
276;72.5;-30.310889132455348;0.0005111968282118926
277;71.0;-31.17691453623979;5.8492561541920346e-05
278;69.5;-32.04293994002423;0.0009173010655105136
279;68.0;-32.90896534380867;0.0004044552397796004
280;66.5;-33.77499074759311;0.00016227013056994622
281;65.0;-34.64101615137755;0.0010817416322225599
282;63.5;-35.50704155516198;0.0003108135747686702
283;62.0;-36.373066958946424;0.0003176623151865106
284;60.5;-37.239092362730865;0.0012598918188653707
285;59.0;-38.1051177665153;0.0002295243174674246
286;57.5;-38.97114317029974;0.0005247182034964356
287;56.0;-39.83716857408418;0.0014510197811467341
288;54.5;-40.703193977868615;0.0001602056375931738
289;53.0;-41.569219381653056;0.0007836636997878851
290;51.5;-42.4352447854375;0.0016544034586572361
291;50.0;-43.30127018922193;0.00010287991426015025
292;48.5;-44.16729559300637;0.0010945903953080752
293;47.0;-45.03332099679081;0.0018692949054752055
294;45.5;-45.89934640057525;5.7860883634956586e-05
295;44.0;-46.76537180435969;0.001457026307510395
296;42.5;-47.63139720814413;0.0020949236933261615
297;41.0;-48.49742261192856;2.5568384386827652e-05
298;39.5;-49.363448015713004;0.0018695473153110987
299;38.0;-50.229473419497445;0.0023306688399617206
300;36.5;-51.09549882328188;6.305384812497052e-06
301;35.0;-51.96152422706632;0.0023295309253759584
302;33.5;-52.82754963085076;0.0025764269846234953
303;75.5;-26.84678751731759;0.0007666386467698965
304;74.0;-27.71281292110203;0.0006324508170612479
305;72.5;-28.578838324886465;2.5901182859416385e-05
306;71.0;-29.444863728670907;0.000915528727795155
307;69.5;-30.310889132455348;0.0005125214002706297
308;68.0;-31.17691453623978;0.00010354906117910031
309;66.5;-32.042939940024226;0.0010790963475476492
310;65.0;-32.90896534380867;0.00040607535493400644
311;63.5;-33.7749907475931;0.00023286562147760653
312;62.0;-34.64101615137754;0.0012569144621399613
313;60.5;-35.50704155516198;0.00031229502688794996
314;59.0;-36.37306695894642;0.00041391474663984585
315;57.5;-37.23909236273086;0.001448319137830478
316;56.0;-38.1051177665153;0.00023060017598609272
317;54.5;-38.97114317029973;0.0006469400891845526
318;53.0;-39.837168574084174;0.0016525225464562557
319;51.5;-40.703193977868615;0.00016079164998927814
320;50.0;-41.56921938165305;0.0009321654759393788
321;48.5;-42.43524478543749;0.0018686226500074991
322;47.0;-43.30127018922193;0.00010303769943750039
323;45.5;-44.167295593006365;0.0012694049092016122
324;44.0;-45.033320996790806;0.002095593070681387
325;42.5;-45.89934640057525;5.774970125265564e-05
326;41.0;-46.76537180435968;0.0016576149266154824
327;39.5;-47.63139720814412;0.002332385887967083
328;38.0;-48.49742261192856;2.5388890520579147e-05
329;36.5;-49.363448015713;0.002094522052942701
330;35.0;-50.22947341949744;0.002578229287950667
331;33.5;-51.09549882328188;6.216554518100881e-06
332;32.0;-51.96152422706631;0.0025764269846234953
333;30.5;-52.827549630850754;0.002833099205693959
334;75.5;-25.114736709748723;0.0007666386467698963
335;74.0;-25.980762113533164;6.449900210534816e-06
336;72.5;-26.846787517317598;0.0009143303135512579
337;71.0;-27.71281292110204;0.0006334475930344117
338;69.5;-28.57883832488648;5.80456528065817e-05
339;68.0;-29.444863728670914;0.0010768138166149304
340;66.5;-30.310889132455355;0.0005140964914129746
341;65.0;-31.176914536239796;0.0001612465802207302
342;63.5;-32.04293994002423;0.001253956390506079
343;62.0;-32.908965343808674;0.00040775944172497826
344;60.5;-33.774990747593115;0.00031616817167264975
345;59.0;-34.64101615137755;0.0014452744908688975
346;57.5;-35.50704155516199;0.0003137111704118668
347;56.0;-36.37306695894643;0.0005230946764814179
348;54.5;-37.239092362730865;0.001650028448687821
349;53.0;-38.105117766515306;0.00023153315562085937
350;51.5;-38.97114317029975;0.0007823693348953445
351;50.0;-39.83716857408418;0.0018672553241425738
352;48.5;-40.70319397786862;0.00016119306465785986
353;47.0;-41.56921938165306;0.0010940759854694828
354;45.5;-42.4352447854375;0.0020957587539000995
355;44.0;-43.30127018922194;0.00010300096479433815
356;42.5;-44.16729559300638;0.0014575845559452259
357;41.0;-45.03332099679081;0.0023341594785383315
358;39.5;-45.899346400575254;5.747101176019227e-05
359;38.0;-46.765371804359695;0.0018710851855792447
360;36.5;-47.63139720814413;0.002581116282092836
361;35.0;-48.49742261192857;2.5103290037783077e-05
362;33.5;-49.36344801571301;0.0023312447134925386
363;32.0;-50.229473419497445;0.0028357561529072342
364;30.5;-51.095498823281886;6.092747157334674e-06
365;29.0;-51.96152422706633;0.00283309920569396
366;27.5;-52.82754963085076;0.0030982329494507964
367;74.0;-24.24871130596428;0.0009137262768996143
368;72.5;-25.114736709748716;0.0007671919423101925
369;71.0;-25.980762113533157;2.569993702242379e-05
370;69.5;-26.846787517317598;0.0010749975042603252
371;68.0;-27.71281292110203;0.0006348420259795446
372;66.5;-28.578838324886473;0.0001028428296832569
373;65.0;-29.444863728670914;0.0012511774267874004
374;63.5;-30.310889132455348;0.0005158783803479282
375;62.0;-31.17691453623979;0.00023159337909604318
376;60.5;-32.04293994002423;0.0014420377920539304
377;59.0;-32.90896534380867;0.00040948143034124593
378;57.5;-33.77499074759311;0.00041228784499546754
379;56.0;-34.64101615137755;0.001646992598686234
380;54.5;-35.50704155516198;0.0003150369080614408
381;53.0;-36.373066958946424;0.0006453799128265871
382;51.5;-37.239092362730865;0.001865123827112775
383;50.0;-38.1051177665153;0.0002322845455832879
384;48.5;-38.97114317029974;0.0009311998149626787
385;47.0;-39.83716857408418;0.002095167760845234
386;45.5;-40.703193977868615;0.00016135702013204652
387;44.0;-41.569219381653056;0.001269533861051873
388;42.5;-42.4352447854375;0.0023355245261630496
389;41.0;-43.30127018922193;0.00010271445638005145
390;39.5;-44.16729559300637;0.001659110164734132
391;38.0;-45.03332099679081;0.0025844011750734905
392;36.5;-45.89934640057525;5.698204758334793e-05
393;35.0;-46.76537180435969;0.002097124254333959
394;33.5;-47.63139720814413;0.002840174055709621
395;32.0;-48.49742261192856;2.4689502735013647e-05
396;30.5;-49.363448015713004;0.002578960747121003
397;29.0;-50.229473419497445;0.003101956921079095
398;27.5;-51.09549882328188;5.928773722051537e-06
399;26.0;-51.96152422706632;0.0030982329494507973
400;24.5;-52.82754963085076;0.003370210770054383
401;74.0;-22.5166604983954;0.0009137262768996143
402;72.5;-23.382685902179833;6.3992588937691836e-06
403;71.0;-24.248711305964274;0.0010737248161579317
404;69.5;-25.114736709748716;0.0007682677906271366
405;68.0;-25.98076211353315;5.7624539958545706e-05
406;66.5;-26.84678751731759;0.0012487189067928125
407;65.0;-27.71281292110203;0.0006365953419140683
408;63.5;-28.578838324886465;0.000160251046800119
409;62.0;-29.444863728670907;0.0014387720337311167
410;60.5;-30.310889132455348;0.000517834640534023
411;59.0;-31.17691453623978;0.0003146552756563954
412;57.5;-32.042939940024226;0.0016435337585824987
413;56.0;-32.90896534380867;0.0004112088078165216
414;54.5;-33.7749907475931;0.0005213859618134136
415;53.0;-34.64101615137754;0.0018622338583448503
416;51.5;-35.50704155516198;0.00031622622517252366
417;50.0;-36.37306695894642;0.0007809898364585124
418;48.5;-37.23909236273086;0.002093652788016705
419;47.0;-38.1051177665153;0.00023278934621429571
420;45.5;-38.97114317029973;0.0010936489895589205
421;44.0;-39.837168574084174;0.0023360940645103185
422;42.5;-40.703193977868615;0.00016120736297991792
423;41.0;-41.56921938165305;0.0014586632946718375
424;39.5;-42.43524478543749;0.002587450683312522
425;38.0;-43.30127018922193;0.00010210758778572479
426;36.5;-44.167295593006365;0.0018738821588595363
427;35.0;-45.033320996790806;0.002845477212640781
428;33.5;-45.89934640057525;5.62337135610893e-05
429;32.0;-46.76537180435968;0.0023352505483462916
430;30.5;-47.63139720814412;0.0031083214632991337
431;29.0;-48.49742261192856;2.412524184280433e-05
432;27.5;-49.363448015713;0.002836660322237077
433;26.0;-50.22947341949744;0.0033752242406517377
434;24.5;-51.09549882328188;5.720437675318798e-06
435;23.0;-51.96152422706631;0.0033702107700543833
436;21.5;-52.827549630850754;0.0036471116952369897
437;72.5;-21.65063509461096;0.001073059129276574
438;71.0;-22.5166604983954;0.0009143405646622858
439;69.5;-23.38268590217984;2.5503474143551383e-05
440;68.0;-24.248711305964274;0.0012467061991777572
441;66.5;-25.114736709748716;0.0007698479573333245
442;65.0;-25.980762113533157;0.00010213883453772838
443;63.5;-26.84678751731759;0.0014356423496588674
444;62.0;-27.71281292110203;0.0006386799657807876
445;60.5;-28.578838324886473;0.00023028573203271927
446;59.0;-29.444863728670907;0.0016398049762795105
447;57.5;-30.310889132455348;0.0005199309658000373
448;56.0;-31.17691453623979;0.0004105582002491461
449;54.5;-32.042939940024226;0.0018586584818432242
450;53.0;-32.90896534380867;0.00041289143567233027
451;51.5;-33.7749907475931;0.0006436803815238195
452;50.0;-34.64101615137755;0.0020911365169621094
453;48.5;-35.50704155516198;0.0003172051972726859
454;47.0;-36.37306695894642;0.000930189916725659
455;45.5;-37.239092362730865;0.002335576251555484
456;44.0;-38.1051177665153;0.00023295284314434636
457;42.5;-38.97114317029973;0.0012699537769645236
458;41.0;-39.83716857408418;0.00258971036236516
459;39.5;-40.703193977868615;0.000160643947976902
460;38.0;-41.56921938165305;0.0016615537034283033
461;36.5;-42.43524478543749;0.0028508327886496046
462;35.0;-43.30127018922193;0.00010109606925826226
463;33.5;-44.167295593006365;0.002101681550440584
464;32.0;-45.033320996790806;0.003116245768691737
465;30.5;-45.89934640057525;5.517358480063592e-05
466;29.0;-46.76537180435968;0.0025847642897686815
467;27.5;-47.63139720814412;0.003383987690604063
468;26.0;-48.49742261192856;2.3390503067943627e-05
469;24.5;-49.363448015713;0.003103039947105198
470;23.0;-50.22947341949744;0.0036536294660086065
471;21.5;-51.09549882328188;5.465331869727924e-06
472;20.0;-51.96152422706631;0.0036471116952369906
473;18.5;-52.827549630850754;0.003926736380636452
474;72.5;-19.918584287042084;0.0010730591292765737
475;71.0;-20.784609690826525;6.3479629850581496e-06
476;69.5;-21.650635094610966;0.0012452543264470017
477;68.0;-22.5166604983954;0.000915584720098261
478;66.5;-23.38268590217984;5.719281073354582e-05
479;65.0;-24.24871130596428;0.0014328125157221493
480;63.5;-25.114736709748716;0.0007719226165559042
481;62.0;-25.980762113533157;0.00015920769040691298
482;60.5;-26.846787517317598;0.0016359829947617851
483;59.0;-27.71281292110203;0.0006410688381188259
484;57.5;-28.578838324886473;0.00031302493594922943
485;56.0;-29.444863728670914;0.0018545279565177729
486;54.5;-30.31088913245535;0.0005221191104801084
487;53.0;-31.17691453623979;0.0005194949309437261
488;51.5;-32.042939940024226;0.0020876297531851676
489;50.0;-32.90896534380867;0.00041445179699300933
490;48.5;-33.77499074759311;0.0007794532940081879
491;47.0;-34.64101615137755;0.0023337856073956734
492;45.5;-35.50704155516198;0.0003178655736607468
493;44.0;-36.373066958946424;0.001093294702231617
494;42.5;-37.239092362730865;0.0025907289273002375
495;41.0;-38.1051177665153;0.00023264748321694885
496;39.5;-38.97114317029974;0.0014603600518633152
497;38.0;-39.83716857408418;0.002855480858845192
498;36.5;-40.703193977868615;0.0001595429259314803
499;35.0;-41.569219381653056;0.0018782287339532404
500;33.5;-42.4352447854375;0.003124670766613723
501;32.0;-43.30127018922193;9.958530684046581e-05
502;30.5;-44.16729559300637;0.002342119769075412
503;29.0;-45.03332099679081;0.0033952145436945006
504;27.5;-45.89934640057525;5.375052992823194e-05
505;26.0;-46.76537180435969;0.002844694714408726
506;24.5;-47.63139720814413;0.0036652501432160585
507;23.0;-48.49742261192856;2.2470667919142917e-05
508;21.5;-49.363448015713004;0.0033764763444061405
509;20.0;-50.229473419497445;0.003934943284159051
510;18.5;-51.09549882328188;5.163598916624673e-06
511;17.0;-51.96152422706632;0.003926736380636453
512;15.5;-52.82754963085076;0.00420666129683586
513;71.0;-19.05255888325765;0.001244473619860978
514;69.5;-19.91858428704209;0.0010737840859626848
515;68.0;-20.784609690826525;2.529617979580172e-05
516;66.5;-21.650635094610966;0.0014304449367374765
517;65.0;-22.516660498395407;0.00091747908241669
518;63.5;-23.38268590217984;0.00010138505569043132
519;62.0;-24.24871130596428;0.0016322608709941574
520;60.5;-25.114736709748723;0.00077448294219619
521;59.0;-25.980762113533157;0.0002288548524765339
522;57.5;-26.846787517317598;0.0018500190655766546
523;56.0;-27.71281292110204;0.0006437241687515956
524;54.5;-28.578838324886476;0.00040861811698972376
525;53.0;-29.444863728670914;0.002083224777242671
526;51.5;-30.31088913245535;0.0005243255344584348
527;50.0;-31.176914536239792;0.0006417354504820313
528;48.5;-32.04293994002423;0.002330647486399228
529;47.0;-32.90896534380867;0.0004157757382125957
530;45.5;-33.774990747593115;0.0009290599922991806
531;44.0;-34.64101615137755;0.002590178083569768
532;42.5;-35.50704155516198;0.0003180585607080252
533;41.0;-36.37306695894643;0.001270667082106043
534;39.5;-37.239092362730865;0.0028587675286579693
535;38.0;-38.1051177665153;0.00023171056258401544
536;36.5;-38.97114317029974;0.0016651026446184809
537;35.0;-39.83716857408418;0.0031325923900199885
538;33.5;-40.703193977868615;0.00015775908237572394
539;32.0;-41.569219381653056;0.002108601472659371
540;30.5;-42.4352447854375;0.003407605103580223
541;29.0;-43.30127018922193;9.747647660444988e-05
542;27.5;-44.16729559300637;0.0025945773842366558
543;26.0;-45.03332099679081;0.003680503677917235
544;24.5;-45.89934640057525;5.192110127561857e-05
545;23.0;-46.76537180435969;0.0031137500146348955
546;21.5;-47.63139720814413;0.003949843295384053
547;20.0;-48.49742261192856;2.1359844024917702e-05
548;18.5;-49.363448015713004;0.003655021149451116
549;17.0;-50.229473419497445;0.004216688263869165
550;15.5;-51.09549882328188;4.818476824590295e-06
551;14.0;-51.96152422706632;0.00420666129683586
552;12.5;-52.82754963085076;0.004484320602470898
553;71.0;-17.320508075688767;0.0012444736198609777
554;69.5;-18.18653347947321;6.29233548863643e-06
555;68.0;-19.052558883257642;0.0014287020811796307
556;66.5;-19.918584287042084;0.0010752951029770553
557;65.0;-20.784609690826525;5.672057292290691e-05
558;63.5;-21.65063509461096;0.00162884337665749
559;62.0;-22.5166604983954;0.0009200444042989568
560;60.5;-23.38268590217984;0.00015804801179855336
561;59.0;-24.248711305964274;0.0018453453468523964
562;57.5;-25.114736709748716;0.0007775118003759899
563;56.0;-25.980762113533157;0.0003111741195802791
564;54.5;-26.846787517317594;0.002078085640964354
565;53.0;-27.71281292110203;0.0006465858544211526
566;51.5;-28.57883832488647;0.0005172987050998171
567;50.0;-29.44486372867091;0.0023261959478735124
568;48.5;-30.310889132455348;0.0005264400801495469
569;47.0;-31.176914536239785;0.0007776401698584875
570;45.5;-32.042939940024226;0.0025878652621673707
571;44.0;-32.90896534380867;0.000416703092746382
572;42.5;-33.7749907475931;0.0010929368748317976
573;41.0;-34.64101615137755;0.0028601760638273296
574;39.5;-35.50704155516198;0.0003175889716756103
575;38.0;-36.37306695894642;0.0014627107462417807
576;36.5;-37.23909236273086;0.003139104429975447
577;35.0;-38.1051177665153;0.00022994378347165184
578;33.5;-38.97114317029973;0.0018843715281479589
579;32.0;-39.837168574084174;0.0034198787099383337
580;30.5;-40.703193977868615;0.00015513163192074127
581;29.0;-41.56921938165305;0.0023524127827301024
582;27.5;-42.43524478543749;0.00369785754286455
583;26.0;-43.30127018922193;9.467602516031486e-05
584;24.5;-44.167295593006365;0.0028581346575365985
585;23.0;-45.033320996790806;0.003969833611571224
586;21.5;-45.89934640057525;4.965729126096759e-05
587;20.0;-46.76537180435968;0.0033902796101479503
588;18.5;-47.63139720814412;0.004235203618859264
589;17.0;-48.49742261192856;2.006378069418639e-05
590;15.5;-49.363448015713;0.003936424193518552
591;14.0;-50.22947341949744;0.004496223166684447
592;12.5;-51.09549882328188;4.436459140571197e-06
593;11.0;-51.96152422706631;0.004484320602470897
594;9.5;-52.827549630850754;0.004757109392001158
595;69.5;-16.454482671904334;0.0014277478247365439
596;68.0;-17.320508075688767;0.0012453645370807363
597;66.5;-18.18653347947321;2.50648724502254e-05
598;65.0;-19.05255888325765;0.00162594423066089
599;63.5;-19.918584287042084;0.0010776530037151513
600;62.0;-20.784609690826525;0.00010053467392867034
601;60.5;-21.650635094610966;0.0018407487970865755
602;59.0;-22.5166604983954;0.0009232949128568027
603;57.5;-23.38268590217984;0.00022721294748030013
604;56.0;-24.24871130596428;0.002072437006248479
605;54.5;-25.11473670974872;0.0007809731321857412
606;53.0;-25.980762113533157;0.00040634383974813733
607;51.5;-26.846787517317594;0.0023205660631820577
608;50.0;-27.712812921102035;0.0006495592376582769
609;48.5;-28.578838324886473;0.0006394005852903321
610;47.0;-29.44486372867091;0.0025837379438430836
611;45.5;-30.31088913245535;0.0005283040066471701
612;44.0;-31.17691453623979;0.0009276750419522326
613;42.5;-32.042939940024226;0.00285935130844922
614;41.0;-32.90896534380867;0.0004170179802802362
615;39.5;-33.77499074759311;0.001271606201699087
616;38.0;-34.64101615137755;0.003143444320309657
617;36.5;-35.50704155516198;0.00031621053588920794
618;35.0;-36.373066958946424;0.0016698512862592266
619;33.5;-37.239092362730865;0.0034308251196326013
620;32.0;-38.1051177665153;0.00022711637310807297
621;30.5;-38.97114317029974;0.0021182586605575115
622;29.0;-39.83716857408418;0.003715739157125967
623;27.5;-40.703193977868615;0.00015149507896947001
624;26.0;-41.569219381653056;0.002609151205865441
625;24.5;-42.4352447854375;0.003993189130663811
626;23.0;-43.30127018922193;9.110875450151161e-05
627;21.5;-44.16729559300637;0.0031315017499539133
628;20.0;-45.03332099679081;0.004260551554110749
629;18.5;-45.89934640057525;4.695448687173973e-05
630;17.0;-46.76537180435969;0.003672260721704845
631;15.5;-47.63139720814413;0.004518553990755443
632;14.0;-48.49742261192856;1.8601566936776358e-05
633;12.5;-49.363448015713004;0.004218189731033484
634;11.0;-50.22947341949744;0.0047708528263870785
635;9.5;-51.09549882328188;4.02697094675349e-06
636;8.0;-51.96152422706632;0.004757109392001159
637;6.5;-52.827549630850754;0.0050224979363714655
638;69.5;-14.72243186433546;0.0014277478247365439
639;68.0;-15.588457268119894;6.2291556599095344e-06
640;66.5;-16.454482671904334;0.0016237842072963948
641;65.0;-17.320508075688775;0.0012472562839125597
642;63.5;-18.18653347947321;5.618061884683532e-05
643;62.0;-19.05255888325765;0.001836493057651474
644;60.5;-19.91858428704209;0.0010809135968339353
645;59.0;-20.784609690826525;0.0001567048365344659
646;57.5;-21.650635094610966;0.002066552746887448
647;56.0;-22.516660498395407;0.0009272294341255992
648;54.5;-23.382685902179844;0.0003089906604176607
649;53.0;-24.24871130596428;0.0023139821773475967
650;51.5;-25.11473670974872;0.0007847999940912354
651;50.0;-25.98076211353316;0.0005146456141508225
652;48.5;-26.846787517317598;0.0025778796136872585
653;47.0;-27.712812921102035;0.0006525016014206697
654;45.5;-28.578838324886476;0.0007753784249833216
655;44.0;-29.444863728670914;0.002856113958570503
656;42.5;-30.31088913245535;0.0005296968644440976
657;41.0;-31.176914536239792;0.00109242706645237
658;39.5;-32.04293994002423;0.003145034357643275
659;38.0;-32.90896534380867;0.0004164391168324261
660;36.5;-33.77499074759311;0.0014656736997553006
661;35.0;-34.64101615137755;0.0034393678051861617
662;33.5;-35.50704155516198;0.0003136239771215037
663;32.0;-36.373066958946424;0.001892499272854646
664;30.5;-37.239092362730865;0.0037325898321601595
665;29.0;-38.1051177665153;0.00022297414995412306
666;27.5;-38.97114317029974;0.0023666794093213537
667;26.0;-39.83716857408418;0.004018061996484601
668;24.5;-40.703193977868615;0.00014669653113842017
669;23.0;-41.569219381653056;0.002877957156873762
670;21.5;-42.4352447854375;0.004290893658226191
671;20.0;-43.30127018922193;8.673342127604475e-05
672;18.5;-44.16729559300637;0.003412962555144347
673;17.0;-45.03332099679081;0.00454970691316344
674;15.5;-45.89934640057525;4.383776658548304e-05
675;14.0;-46.76537180435969;0.003957320462112533
676;12.5;-47.63139720814413;0.004797023173656898
677;11.0;-48.49742261192856;1.700546419852266e-05
678;9.5;-49.363448015713004;0.004497664460650611
679;8.0;-50.229473419497445;0.0050379521234249275
680;6.5;-51.09549882328188;3.601578697732219e-06
681;5.0;-51.96152422706632;0.0050224979363714655
682;3.5;-52.82754963085076;0.005278144451644142
683;68.0;-13.856406460551012;0.00162258942371217
684;66.5;-14.722431864335453;0.0014288685933464347
685;65.0;-15.588457268119894;2.4797313777761908e-05
686;63.5;-16.454482671904326;0.0018328578312872027
687;62.0;-17.320508075688767;0.0012502553813454507
688;60.5;-18.18653347947321;9.95419902358244e-05
689;59.0;-19.052558883257642;0.002060745127139763
690;57.5;-19.918584287042084;0.0010851208422684646
691;56.0;-20.784609690826525;0.00022526739211474621
692;54.5;-21.650635094610962;0.0023067437705246246
693;53.0;-22.5166604983954;0.0009318207083891596
694;51.5;-23.382685902179837;0.0004035914923887445
695;50.0;-24.248711305964278;0.0025704985181473
696;48.5;-25.114736709748716;0.0007888807787158077
697;47.0;-25.980762113533153;0.0006364879434403113
698;45.5;-26.846787517317594;0.002850463119244128
699;44.0;-27.71281292110203;0.000655206683041002
700;42.5;-28.57883832488647;0.000925831466719256
701;41.0;-29.44486372867091;0.0031435117075447254
702;39.5;-30.310889132455348;0.0005303220109026873
703;38.0;-31.176914536239785;0.0012726175766048008
704;36.5;-32.042939940024226;0.0034446285587044086
705;35.0;-32.90896534380867;0.0004146112645985746
706;33.5;-33.7749907475931;0.001675812724213596
707;32.0;-34.64101615137754;0.0037469453015476174
708;30.5;-35.50704155516198;0.0003094805629087381
709;29.0;-36.37306695894642;0.0021309861734655922
710;27.5;-37.23909236273086;0.004042524275488544
711;26.0;-38.1051177665153;0.0002172574479973066
712;24.5;-38.97114317029973;0.0026292641358606735
713;23.0;-39.837168574084174;0.004324171031764654
714;21.5;-40.703193977868615;0.00014061971102367752
715;20.0;-41.56921938165305;0.0031575223507028754
716;18.5;-42.43524478543749;0.004587846552571874
717;17.0;-43.30127018922193;8.155804122894053e-05
718;15.5;-44.167295593006365;0.003700350435048215
719;14.0;-45.033320996790806;0.004834177053748316
720;12.5;-45.89934640057525;4.036453036862869e-05
721;11.0;-46.76537180435968;0.004242799766599403
722;9.5;-47.63139720814412;0.005067787894047611
723;8.0;-48.49742261192856;1.531864336221713e-05
724;6.5;-49.363448015713;0.004772150056654215
725;5.0;-50.22947341949744;0.0052950896381372325
726;3.5;-51.09549882328188;3.1728704587424595e-06
727;2.0;-51.96152422706631;0.005278144451644142
728;0.5;-52.827549630850754;0.005521994287472733
729;68.0;-12.124355652982137;0.00162258942371217
730;66.5;-12.990381056766578;6.155360547491765e-06
731;65.0;-13.85640646055102;0.001830134247659762
732;63.5;-14.722431864335453;0.0014312752639614721
733;62.0;-15.588457268119894;5.5546290625493255e-05
734;60.5;-16.454482671904334;0.002055355048776205
735;59.0;-17.320508075688767;0.001254460044862806
736;57.5;-18.18653347947321;0.00015510854824379362
737;56.0;-19.05255888325765;0.0022992104474572777
738;54.5;-19.918584287042087;0.0010902980795843282
739;53.0;-20.784609690826525;0.0003063491973749017
740;51.5;-21.650635094610962;0.0025619111373245563
741;50.0;-22.516660498395403;0.0009370025473944883
742;48.5;-23.38268590217984;0.0005113505942803039
743;47.0;-24.248711305964278;0.0028425675147951837
744;45.5;-25.11473670974872;0.0007930428173129292
745;44.0;-25.980762113533157;0.0007724354651009558
746;42.5;-26.846787517317594;0.0031387428257038234
747;41.0;-27.712812921102035;0.0006573865187097015
748;39.5;-28.578838324886473;0.0010915297471525854
749;38.0;-29.44486372867091;0.0034459820243729075
750;36.5;-30.310889132455348;0.000529791133195351
751;35.0;-31.17691453623979;0.0014691086111752467
752;33.5;-32.042939940024226;0.0037575302635488197
753;32.0;-32.90896534380867;0.0004111001710126082
754;30.5;-33.77499074759311;0.001902725104265927
755;29.0;-34.64101615137755;0.00406465736621416
756;27.5;-35.50704155516198;0.0003033951734369348
757;26.0;-36.373066958946424;0.002385462105533991
758;24.5;-37.239092362730865;0.004358113084585521
759;23.0;-38.1051177665153;0.00020973060376832205
760;21.5;-38.97114317029974;0.002905221980721456
761;20.0;-39.83716857408418;0.0046308233897365825
762;18.5;-40.703193977868615;0.00013321335275140851
763;17.0;-41.569219381653056;0.0034460064112180394
764;15.5;-42.4352447854375;0.00488062287655266
765;14.0;-43.30127018922193;7.565069245112497e-05
766;12.5;-44.16729559300637;0.003991072769741809
767;11.0;-45.033320996790806;0.005110832394763069
768;9.5;-45.89934640057525;3.6622102367107354e-05
769;8.0;-46.76537180435969;0.004525857453483162
770;6.5;-47.63139720814412;0.005328219529100847
771;5.0;-48.49742261192856;1.3591139838725039e-05
772;3.5;-49.363448015713004;0.005039027993230151
773;2.0;-50.22947341949744;0.005540136707834301
774;0.5;-51.09549882328188;2.7532203100461586e-06
775;66.5;-11.258330249197703;0.0018286209751728895
776;65.0;-12.124355652982144;0.0016240149168786982
777;63.5;-12.990381056766578;2.448141331311382e-05
778;62.0;-13.85640646055102;0.002050743647706512
779;60.5;-14.72243186433546;0.0014351281559210362
780;59.0;-15.588457268119894;9.836010457452597e-05
781;57.5;-16.454482671904334;0.002291787333303188
782;56.0;-17.320508075688775;0.0012599535665093827
783;54.5;-18.186533479473212;0.00022291746697534356
784;53.0;-19.05255888325765;0.0025525226016894654
785;51.5;-19.918584287042087;0.0010964370696245247
786;50.0;-20.784609690826528;0.0004001931346394348
787;48.5;-21.650635094610966;0.0028327473188545864
788;47.0;-22.516660498395403;0.0009426540522186756
789;45.5;-23.382685902179844;0.0006327598527566123
790;44.0;-24.24871130596428;0.0031308209253340666
791;42.5;-25.11473670974872;0.000797032324794309
792;41.0;-25.98076211353316;0.0009232442305849273
793;39.5;-26.846787517317598;0.0034430909210247575
794;38.0;-27.712812921102035;0.0006586501407084745
795;36.5;-28.578838324886473;0.0012734402974910017
796;35.0;-29.444863728670914;0.003763349478312126
797;33.5;-30.31088913245535;0.000527609159163134
798;32.0;-31.17691453623979;0.0016828940576059236
799;30.5;-32.04293994002423;0.0040826787070288376
800;29.0;-32.90896534380867;0.00040539519579665614
801;27.5;-33.77499074759311;0.002147064087106363
802;26.0;-34.64101615137755;0.0043903127608871835
803;24.5;-35.50704155516198;0.00029497422094468994
804;23.0;-36.373066958946424;0.002655745690320536
805;21.5;-37.239092362730865;0.004676123888476256
806;20.0;-38.1051177665153;0.00020022369849742206
807;18.5;-38.97114317029974;0.003193193007743568
808;17.0;-39.83716857408418;0.004934290341675575
809;15.5;-40.703193977868615;0.00012451791975382842
810;14.0;-41.569219381653056;0.003740999936929082
811;12.5;-42.4352447854375;0.0051656819120968365
812;11.0;-43.30127018922193;6.914168892262218e-05
813;9.5;-44.16729559300637;0.004282192855446827
814;8.0;-45.03332099679081;0.00537671886946856
815;6.5;-45.89934640057525;3.2720239327889536e-05
816;5.0;-46.76537180435969;0.0048036041037197285
817;3.5;-47.63139720814413;0.005576016244666717
818;2.0;-48.49742261192856;1.1874801170728953e-05
819;0.5;-49.363448015713004;0.005295882099082665
820;66.5;-9.526279441628821;0.0018286209751728895
821;65.0;-10.392304845413262;6.067894174253389e-06
822;63.5;-11.258330249197696;0.002047285399283578
823;62.0;-12.124355652982137;0.0016270951564662894
824;60.5;-12.990381056766578;5.479037095951809e-05
825;59.0;-13.856406460551012;0.00228491185739478
826;57.5;-14.722431864335453;0.0014405781844448215
827;56.0;-15.588457268119894;0.00015318495690012308
828;54.5;-16.45448267190433;0.002542806234433957
829;53.0;-17.320508075688767;0.0012667958126973133
830;51.5;-18.186533479473205;0.0003031082690268144
831;50.0;-19.052558883257646;0.0028214495698046585
832;48.5;-19.918584287042084;0.001103484157465505
833;47.0;-20.78460969082652;0.0005071903992846508
834;45.5;-21.650635094610962;0.0031200480225349356
835;44.0;-22.5166604983954;0.00094857968557102
836;42.5;-23.382685902179837;0.0007685080770688187
837;41.0;-24.248711305964278;0.0034359169552953166
838;39.5;-25.114736709748716;0.00080048948573157
839;38.0;-25.980762113533153;0.0010899028724507952
840;36.5;-26.84678751731759;0.0037637581276304013
841;35.0;-27.71281292110203;0.0006584791978635437
842;33.5;-28.57883832488647;0.0014727481031898745
843;32.0;-29.444863728670907;0.004095083083682739
844;30.5;-30.310889132455348;0.0005231627329134478
845;29.0;-31.176914536239785;0.001915061400865355
846;27.5;-32.042939940024226;0.00441837403549002
847;26.0;-32.90896534380867;0.00039692642149691807
848;24.5;-33.7749907475931;0.0024093000870135154
849;23.0;-34.64101615137754;0.004720891107539211
850;21.5;-35.50704155516198;0.0002838639419586016
851;20.0;-36.37306695894642;0.0029411258223349455
852;18.5;-37.23909236273086;0.00499260764421747
853;17.0;-38.1051177665153;0.00018868207536899297
854;15.5;-38.97114317029973;0.003491125169976479
855;14.0;-39.837168574084174;0.005230540244698009
856;12.5;-40.703193977868615;0.00011468191559780947
857;11.0;-41.56921938165305;0.004039559660562097
858;9.5;-42.43524478543749;0.005439595627598983
859;8.0;-43.30127018922193;6.221497476548793e-05
860;6.5;-44.167295593006365;0.004570564795903772
861;5.0;-45.033320996790806;0.005629230581918626
862;3.5;-45.89934640057525;2.877989646392302e-05
863;2.0;-46.76537180435968;0.005073249095622847
864;0.5;-47.63139720814412;0.005809304692393801
865;65.0;-8.660254037844387;0.002045362821815587
866;63.5;-9.526279441628821;0.0018304388601221037
867;62.0;-10.392304845413262;2.4104863652919453e-05
868;60.5;-11.258330249197703;0.002279042616337001
869;59.0;-12.124355652982137;0.001632054948202776
870;57.5;-12.990381056766578;9.693982163196773e-05
871;56.0;-13.85640646055102;0.0025332840982063387
872;54.5;-14.722431864335457;0.0014477609827152848
873;53.0;-15.588457268119894;0.00022005261006730368
874;51.5;-16.45448267190433;0.002809220483612039
875;50.0;-17.32050807568877;0.0012750122781599424
876;48.5;-18.18653347947321;0.00039595376055609585
877;47.0;-19.052558883257646;0.0031069052480931936
878;45.5;-19.918584287042087;0.001111322364128649
879;44.0;-20.784609690826525;0.0006279218664608594
880;42.5;-21.650635094610962;0.0034247073339785244
881;41.0;-22.516660498395403;0.0009544835361016762
882;39.5;-23.38268590217984;0.0009195311665791244
883;38.0;-24.248711305964278;0.0037584991965248604
884;36.5;-25.114736709748716;0.0008029174661040645
885;35.0;-25.980762113533157;0.0012736780150572114
886;33.5;-26.846787517317594;0.004100769369295196
887;32.0;-27.71281292110203;0.0006562017855848109
888;30.5;-28.578838324886473;0.0016908614157584085
889;29.0;-29.44486372867091;0.004440111998943856
890;27.5;-30.310889132455348;0.0005157185061661353
891;26.0;-31.17691453623979;0.0021667012840338464
892;24.5;-32.042939940024226;0.004762053557971083
893;23.0;-32.90896534380867;0.00038510606353308913
894;21.5;-33.77499074759311;0.0026895092661362373
895;20.0;-34.64101615137755;0.0050524246547607645
896;18.5;-35.50704155516198;0.0002698213420053598
897;17.0;-36.373066958946424;0.0032401399862438227
898;15.5;-37.239092362730865;0.005303029648399459
899;14.0;-38.1051177665153;0.00017521101513776454
900;12.5;-38.97114317029974;0.0037962245813778885
901;11.0;-39.837168574084174;0.005515512217942647
902;9.5;-40.703193977868615;0.00010396012922837308
903;8.0;-41.569219381653056;0.004338325656685276
904;6.5;-42.43524478543749;0.005699283541766541
905;5.0;-43.30127018922193;5.508973877260351e-05
906;3.5;-44.16729559300637;0.0048530044577363264
907;2.0;-45.033320996790806;0.005866247766280961
908;0.5;-45.89934640057525;2.4920569513747663e-05
909;65.0;-6.928203230275511;0.0020453628218155867
910;63.5;-7.794228634059945;5.963653234033156e-06
911;62.0;-8.660254037844387;0.0022746507537007243
912;60.5;-9.526279441628828;0.001834378831183299
913;59.0;-10.392304845413262;5.3884695558961605e-05
914;57.5;-11.258330249197703;0.002524509987972895
915;56.0;-12.124355652982144;0.0016391111944165757
916;54.5;-12.990381056766582;0.0001508545501431804
917;53.0;-13.85640646055102;0.002796677770618174
918;51.5;-14.722431864335457;0.0014567893262930312
919;50.0;-15.588457268119898;0.00029910892830826714
920;48.5;-16.454482671904334;0.003092016222618948
921;47.0;-17.32050807568877;0.0012845796604390868
922;45.5;-18.186533479473212;0.0005018997012674637
923;44.0;-19.05255888325765;0.003409960978722902
924;42.5;-19.918584287042087;0.0011197475995328697
925;41.0;-20.784609690826528;0.0007632114640275801
926;39.5;-21.650635094610966;0.0037477034275570555
927;38.0;-22.516660498395403;0.0009599356086539548
928;36.5;-23.38268590217984;0.0010870737600196254
929;35.0;-24.24871130596428;0.0040991268895524445
930;33.5;-25.11473670974872;0.0008036444831144556
931;32.0;-25.980762113533157;0.001476158949097416
932;30.5;-26.846787517317598;0.004453763256118104
933;29.0;-27.712812921102035;0.0006509682830768911
934;27.5;-28.578838324886473;0.001929381809159136
935;26.0;-29.444863728670914;0.004796570162817953
936;24.5;-30.31088913245535;0.0005044424091623633
937;23.0;-31.17691453623979;0.0024387315164631804
938;21.5;-32.04293994002423;0.005110047791155085
939;20.0;-32.90896534380867;0.0003694057451802733
940;18.5;-33.77499074759311;0.0029870783362085217
941;17.0;-34.64101615137755;0.005379997605302156
942;15.5;-35.50704155516198;0.0002527997003120982
943;14.0;-36.373066958946424;0.0035503929434081353
944;12.5;-37.239092362730865;0.005602558354120551
945;11.0;-38.1051177665153;0.0001600980257141482
946;9.5;-38.97114317029974;0.004105017510686303
947;8.0;-39.83716857408418;0.005785435659760598
948;6.5;-40.703193977868615;9.269129753983081e-05
949;5.0;-41.569219381653056;0.004633709117630528
950;3.5;-42.4352447854375;0.005942213624503541
951;2.0;-43.30127018922193;4.799614800687761e-05
952;0.5;-44.16729559300637;0.0051264717024963255
953;63.5;-6.06217782649107;0.0022722140899771367
954;62.0;-6.928203230275511;0.0020476746866326732
955;60.5;-7.7942286340599525;2.3655089969881534e-05
956;59.0;-8.660254037844387;0.0025170558449463427
957;57.5;-9.526279441628828;0.0018407431339843015
958;56.0;-10.39230484541327;9.522956815033657e-05
959;54.5;-11.258330249197707;0.0027844854917108398
960;53.0;-12.124355652982144;0.0016484687087976635
961;51.5;-12.990381056766582;0.000216552272287061
962;50.0;-13.856406460551023;0.003076108380541
963;48.5;-14.72243186433546;0.0014677430685948157
964;47.0;-15.588457268119898;0.00039064999816496677
965;45.5;-16.454482671904337;0.003392381161728752
966;44.0;-17.320508075688775;0.0012954062878369446
967;42.5;-18.186533479473212;0.0006216166548610704
968;41.0;-19.052558883257653;0.0037318551718162354
969;39.5;-19.91858428704209;0.001128436380381925
970;38.0;-20.784609690826528;0.0009141952336556096
971;36.5;-21.650635094610966;0.004090066696773977
972;35.0;-22.516660498395407;0.0009643274725932406
973;33.5;-23.382685902179844;0.0012727627168232587
974;32.0;-24.24871130596428;0.004458157853000344
975;30.5;-25.114736709748723;0.000801779271294908
976;29.0;-25.98076211353316;0.0016992896471251006
977;27.5;-26.846787517317598;0.0048217481949461285
978;26.0;-27.71281292110204;0.000641737899971917
979;24.5;-28.578838324886476;0.002190004112558711
980;23.0;-29.444863728670914;0.005161461194186463
981;21.5;-30.310889132455355;0.0004884578988088998
982;20.0;-31.176914536239792;0.0027315954525191995
983;18.5;-32.04293994002423;0.005457382840205089
984;17.0;-32.908965343808674;0.0003494767258721721
985;15.5;-33.774990747593115;0.0033003635703924444
986;14.0;-34.64101615137755;0.005697962573905707
987;12.5;-35.50704155516199;0.0002330222293125262
988;11.0;-36.373066958946424;0.0038684984862650982
989;9.5;-37.239092362730865;0.005886479405472263
990;8.0;-38.105117766515306;0.0001437994492426399
991;6.5;-38.97114317029974;0.004413532080706337
992;5.0;-39.83716857408418;0.00603713228788166
993;3.5;-40.70319397786862;8.125944105186501e-05
994;2.0;-41.569219381653056;0.004922121078421475
995;0.5;-42.4352447854375;0.006166538199996793
996;63.5;-4.330127018922188;0.0022722140899771362
997;62.0;-5.196152422706629;5.8395072313165085e-06
998;60.5;-6.06217782649107;0.0025115021471182187
999;59.0;-6.928203230275504;0.0020526896957414457
1000;57.5;-7.794228634059945;5.28003659505959e-05
1001;56.0;-8.660254037844387;0.0027733332546447794
1002;54.5;-9.526279441628825;0.001849830889876021
1003;53.0;-10.392304845413262;0.00014803310289823577
1004;51.5;-11.2583302491977;0.003059976452529997
1005;50.0;-12.12435565298214;0.0016603147830964963
1006;48.5;-12.990381056766578;0.00029417534204931144
1007;47.0;-13.856406460551016;0.0033728221037941457
1008;45.5;-14.722431864335457;0.001480655261301827
1009;44.0;-15.588457268119894;0.0004951692281469977
1010;42.5;-16.45448267190433;0.0037117330845662755
1011;41.0;-17.32050807568877;0.001307304839573417
1012;39.5;-18.18653347947321;0.0007560687793975025
1013;38.0;-19.052558883257646;0.004073996830269028
1014;36.5;-19.918584287042084;0.0011369013423673288
1015;35.0;-20.784609690826525;0.0010824104430975172
1016;33.5;-21.650635094610962;0.004452815852873127
1017;32.0;-22.5166604983954;0.00096681431533613
1018;30.5;-23.38268590217984;0.0014786894176797298
1019;29.0;-24.248711305964278;0.004835554056510157
1020;27.5;-25.114736709748716;0.0007961634194428702
1021;26.0;-25.980762113533157;0.0019453624127157777
1022;24.5;-26.846787517317594;0.00520274065455748
1023;23.0;-27.71281292110203;0.0006272936128989947
1024;21.5;-28.578838324886473;0.00247428908325179
1025;20.0;-29.44486372867091;0.005530264921841477
1026;18.5;-30.310889132455348;0.0004669676351402077
1027;17.0;-31.17691453623979;0.0030448108432442637
1028;15.5;-32.042939940024226;0.005797769768820492
1029;14.0;-32.90896534380867;0.0003252994282369207
1030;12.5;-33.77499074759311;0.0036264224226254687
1031;11.0;-34.64101615137754;0.006000411066663355
1032;9.5;-35.50704155516198;0.0002110087657394938
1033;8.0;-36.373066958946424;0.00419020005587497
1034;6.5;-37.23909236273086;0.006150646919217902
1035;5.0;-38.1051177665153;0.0001268904407971042
1036;3.5;-38.97114317029974;0.004717571975689831
1037;2.0;-39.837168574084174;0.006268242263099311
1038;0.5;-40.703193977868615;7.004817627015145e-05
1039;62.0;-3.4641016151377544;0.002508432507784232
1040;60.5;-4.330127018922195;0.002275135668052218
1041;59.0;-5.196152422706629;2.311946809086588e-05
1042;57.5;-6.06217782649107;0.0027639208237867845
1043;56.0;-6.928203230275511;0.0020608022916973555
1044;54.5;-7.794228634059949;9.317627594441144e-05
1045;53.0;-8.660254037844387;0.0030444512207975145
1046;51.5;-9.526279441628825;0.0018619370327704764
1047;50.0;-10.392304845413266;0.0002122876242425238
1048;48.5;-11.258330249197703;0.003352236410030071
1049;47.0;-12.12435565298214;0.0016748116150986233
1050;45.5;-12.990381056766582;0.0003840314068510813
1051;44.0;-13.85640646055102;0.0036883371730697286
1052;42.5;-14.722431864335457;0.0014954923425520965
1053;41.0;-15.588457268119898;0.0006134203171936427
1054;39.5;-16.454482671904334;0.004051752229152313
1055;38.0;-17.32050807568877;0.001319953468591382
1056;36.5;-18.18653347947321;0.0009066061448421919
1057;35.0;-19.05255888325765;0.004437954510871514
1058;33.5;-19.918584287042087;0.0011444293840923215
1059;32.0;-20.784609690826525;0.0012699091606650638
1060;30.5;-21.650635094610966;0.004836836496935434
1061;29.0;-22.516660498395403;0.0009662410014979167
1062;27.5;-23.38268590217984;0.001707489525116345
1063;26.0;-24.24871130596428;0.005230562907465825
1064;24.5;-25.11473670974872;0.0007853313088382901
1065;23.0;-25.980762113533157;0.0022169214919268527
1066;21.5;-26.846787517317598;0.005593253411465757
1067;20.0;-27.712812921102035;0.0006063179657112638
1068;18.5;-28.578838324886473;0.002783228989932538
1069;17.0;-29.444863728670914;0.005896587165821713
1070;15.5;-30.31088913245535;0.0004394592256421077
1071;14.0;-31.17691453623979;0.00337642674428231
1072;12.5;-32.04293994002423;0.006123977029818686
1073;11.0;-32.90896534380867;0.0002973050473753727
1074;9.5;-33.77499074759311;0.0039609626938585645
1075;8.0;-34.64101615137755;0.006281813981653897
1076;6.5;-35.50704155516198;0.0001875340055101718
1077;5.0;-36.373066958946424;0.00451066634178316
1078;3.5;-37.239092362730865;0.00639186641995513
1079;2.0;-38.1051177665153;0.00010999076886615581
1080;0.5;-38.97114317029974;0.005013029802438602
1081;62.0;-1.7320508075688796;0.002508432507784232
1082;60.5;-2.5980762113533205;5.692384499224829e-06
1083;59.0;-3.4641016151377544;0.0027569486132273968
1084;57.5;-4.330127018922195;0.002281469805036425
1085;56.0;-5.1961524227066365;5.150853085467959e-05
1086;54.5;-6.062177826491074;0.0030303754708724162
1087;53.0;-6.928203230275511;0.0020724127258185594
1088;51.5;-7.794228634059949;0.00014463375655066627
1089;50.0;-8.66025403784439;0.003331628632155466
1090;48.5;-9.526279441628828;0.001877350891545897
1091;47.0;-10.392304845413266;0.00028811798720879535
1092;45.5;-11.258330249197707;0.0036628134216227857
1093;44.0;-12.124355652982144;0.0016920851400631881
1094;42.5;-12.990381056766582;0.00048664738201191943
1095;41.0;-13.856406460551023;0.004024496525964046
1096;39.5;-14.72243186433546;0.001512125044263766
1097;38.0;-15.588457268119898;0.0007465032551505239
1098;36.5;-16.454482671904334;0.004414415116460006
1099;35.0;-17.320508075688775;0.0013328394141086809
1100;33.5;-18.186533479473212;0.0010750895635466267
1101;32.0;-19.05255888325765;0.004825414121003899
1102;30.5;-19.91858428704209;0.0011499955222406902
1103;29.0;-20.784609690826528;0.0014793986292847329
1104;27.5;-21.650635094610966;0.005242657453403436
1105;26.0;-22.516660498395407;0.0009610527253845895
1106;24.5;-23.382685902179844;0.001962389651569471
1107;23.0;-24.24871130596428;0.005641205514889942
1108;21.5;-25.114736709748723;0.0007675039050648766
1109;20.0;-25.98076211353316;0.0025164802677161086
1110;18.5;-26.846787517317598;0.005987639901852249
1111;17.0;-27.71281292110204;0.000577581317987788
1112;15.5;-28.578838324886476;0.0031165373420445164
1113;14.0;-29.444863728670914;0.00625211410577674
1114;12.5;-30.310889132455355;0.00040597474862603326
1115;11.0;-31.176914536239792;0.003722623683861595
1116;9.5;-32.04293994002423;0.006428626422511941
1117;8.0;-32.908965343808674;0.0002663984086081415
1118;6.5;-33.77499074759311;0.0042985843078573085
1119;5.0;-34.64101615137755;0.006537660405674056
1120;3.5;-35.50704155516199;0.00016352410699447685
1121;2.0;-36.373066958946424;0.00482490006113957
1122;0.5;-37.239092362730865;0.006608129324654727
1123;60.5;-0.8660254037844386;0.0027531141165146973
1124;59.0;-1.7320508075688725;0.0025120927065642585
1125;57.5;-2.5980762113533133;2.248579705952522e-05
1126;56.0;-3.4641016151377544;0.003018588014488889
1127;54.5;-4.330127018922192;0.0022917189849294725
1128;53.0;-5.196152422706629;9.072726735485878e-05
1129;51.5;-6.062177826491067;0.00331201833161202
1130;50.0;-6.928203230275508;0.002087931067298445
1131;48.5;-7.794228634059945;0.00020712547430052036
1132;47.0;-8.660254037844384;0.0036363850016615574
1133;45.5;-9.526279441628825;0.0018963536609141933
1134;44.0;-10.392304845413262;0.0003758254907010074
1135;42.5;-11.2583302491977;0.003993614119924426
1136;41.0;-12.12435565298214;0.0017122078970772045
1137;39.5;-12.990381056766578;0.000602843307085961
1138;38.0;-13.856406460551016;0.004383534196377679
1139;36.5;-14.722431864335453;0.0015302846781498033
1140;35.0;-15.588457268119894;0.0008959839928826848
1141;33.5;-16.45448267190433;0.004802023164601047
1142;32.0;-17.320508075688767;0.0013451760953285116
1143;30.5;-18.18653347947321;0.0012640596744515774
1144;29.0;-19.052558883257646;0.005238073357013479
1145;27.5;-19.918584287042084;0.0011521439647550935
1146;26.0;-20.784609690826525;0.0017144027783748163
1147;24.5;-21.650635094610962;0.005670047498122633
1148;23.0;-22.5166604983954;0.0009492001301554717
1149;21.5;-23.38268590217984;0.0022471485291584107
1150;20.0;-24.248711305964278;0.006063486597669876
1151;18.5;-25.114736709748716;0.0007406730838465002
1152;17.0;-25.980762113533157;0.0028458938902557805
1153;15.5;-26.846787517317594;0.006377440292320339
1154;14.0;-27.71281292110203;0.0005403000553184704
1155;12.5;-28.578838324886473;0.003471742700907213
1156;11.0;-29.44486372867091;0.006587290128723679
1157;9.5;-30.310889132455348;0.0003673128671755259
1158;8.0;-31.17691453623979;0.004077716405662028
1159;6.5;-32.042939940024226;0.0067052032834922295
1160;5.0;-32.90896534380867;0.00023385169498492964
1161;3.5;-33.77499074759311;0.004633272445223692
1162;2.0;-34.64101615137754;0.0067649235054099656
1163;0.5;-35.50704155516198;0.0001399228897862527
1164;60.5;0.8660254037844364;0.002753114116514696
1165;59.0;2.4424906541753444e-15;5.519420795176208e-06
1166;57.5;-0.8660254037844386;0.003009915886098661
1167;56.0;-1.7320508075688796;0.002520015820533546
1168;54.5;-2.598076211353317;4.998173932854505e-05
1169;53.0;-3.4641016151377544;0.003294414236476543
1170;51.5;-4.330127018922192;0.0023064055556293087
1171;50.0;-5.196152422706633;0.00014057073977792446
1172;48.5;-6.06217782649107;0.003610296006671362
1173;47.0;-6.928203230275508;0.002107782423289713
1174;45.5;-7.794228634059949;0.0002807401818469685
1175;44.0;-8.660254037844387;0.003960608060578475
1176;42.5;-9.526279441628825;0.0019192135098003932
1177;41.0;-10.392304845413266;0.000475947206257636
1178;39.5;-11.258330249197703;0.004346989265318298
1179;38.0;-12.12435565298214;0.0017351720336917305
1180;36.5;-12.990381056766578;0.0007338361653430306
1181;35.0;-13.85640646055102;0.004768157290225
1182;33.5;-14.722431864335457;0.001549496152829464
1183;32.0;-15.588457268119894;0.0010640637039031017
1184;30.5;-16.454482671904334;0.005217210353353327
1185;29.0;-17.32050807568877;0.0013557800305837408
1186;27.5;-18.18653347947321;0.0014769639779127796
1187;26.0;-19.05255888325765;0.005677410535108389
1188;24.5;-19.918584287042087;0.001148828355855172
1189;23.0;-20.784609690826525;0.001979415810978814
1190;21.5;-21.650635094610966;0.006117303076182342
1191;20.0;-22.516660498395403;0.0009280732437078766
1192;18.5;-23.38268590217984;0.0025657348244931596
1193;17.0;-24.24871130596428;0.006490272884827857
1194;15.5;-25.11473670974872;0.00070288387443266
1195;14.0;-25.980762113533157;0.0032052041025734924
1196;12.5;-26.846787517317598;0.006751227140929759
1197;11.0;-27.712812921102035;0.0004946454633319779
1198;9.5;-28.578838324886473;0.003843592597910453
1199;8.0;-29.444863728670914;0.006892720188367861
1200;6.5;-30.31088913245535;0.00032501981730710607
1201;5.0;-31.17691453623979;0.004434640353808813
1202;3.5;-32.042939940024226;0.006948948930763803
1203;2.0;-32.90896534380867;0.0002011010288850593
1204;0.5;-33.77499074759311;0.004959012233650165
1205;59.0;1.732050807568881;0.003005174368055487
1206;57.5;0.8660254037844399;0.0027576525120182735
1207;56.0;-1.1102230246251565e-15;2.1743020160447386e-05
1208;54.5;-0.8660254037844386;0.0032797997121431803
1209;53.0;-1.732050807568876;0.002532828224824755
1210;51.5;-2.5980762113533133;8.783319768943294e-05
1211;50.0;-3.4641016151377544;0.0035857706318573697
1212;48.5;-4.330127018922192;0.002326083281532487
1213;47.0;-5.196152422706629;0.00020093479734285675
1214;45.5;-6.06217782649107;0.003927014361121357
1215;44.0;-6.928203230275508;0.00213241312995624
1216;42.5;-7.794228634059945;0.0003657477598875567
1217;41.0;-8.660254037844387;0.004306646324898866
1218;39.5;-9.526279441628825;0.0019461762129098226
1219;38.0;-10.392304845413262;0.0005893389993398587
1220;36.5;-11.2583302491977;0.004725848460475386
1221;35.0;-12.12435565298214;0.0017608458981406942
1222;33.5;-12.990381056766578;0.0008813895137407304
1223;32.0;-13.856406460551016;0.005181642889318016
1224;30.5;-14.722431864335457;0.0015689734842323992
1225;29.0;-15.588457268119894;0.001253821421615535
1226;27.5;-16.454482671904334;0.0056628947233141125
1227;26.0;-17.320508075688767;0.0013628873643942762
1228;24.5;-18.18653347947321;0.001718452595291666
1229;23.0;-19.05255888325765;0.0061442077022107145
1230;21.5;-19.918584287042084;0.001137211309883964
1231;20.0;-20.784609690826525;0.0022799570062697607
1232;18.5;-21.650635094610962;0.006580028955345463
1233;17.0;-22.5166604983954;0.0008945570634942551
1234;15.5;-23.38268590217984;0.0029214319781384734
1235;14.0;-24.248711305964278;0.006910011545629647
1236;12.5;-25.114736709748716;0.0006528704349711636
1237;11.0;-25.980762113533157;0.0035910325928879836
1238;9.5;-26.846787517317594;0.007095929589642775
1239;8.0;-27.71281292110203;0.00044207978027370855
1240;6.5;-28.578838324886473;0.004224233261822651
1241;5.0;-29.44486372867091;0.007160781573808962
1242;3.5;-30.310889132455348;0.000281141023955183
1243;2.0;-31.17691453623979;0.004785781971753806
1244;0.5;-32.042939940024226;0.007157373848879078
1245;59.0;3.464101615137756;0.003005174368055487
1246;57.5;2.598076211353315;5.3181670552064674e-06
1247;56.0;1.7320508075688739;0.0032691289052066206
1248;54.5;0.8660254037844364;0.002767453783669194
1249;53.0;-1.1102230246251565e-15;4.819586340219536e-05
1250;51.5;-0.8660254037844386;0.0035639883058041937
1251;50.0;-1.7320508075688796;0.0025511962373114456
1252;48.5;-2.598076211353317;0.00013576488423748057
1253;47.0;-3.4641016151377544;0.003894338191763816
1254;45.5;-4.330127018922195;0.002351352597829911
1255;44.0;-5.196152422706633;0.0002718487278357881
1256;42.5;-6.06217782649107;0.004264428508792076
1257;41.0;-6.928203230275511;0.002162297476319141
1258;39.5;-7.794228634059949;0.00046266100813313745
1259;38.0;-8.660254037844387;0.004677437285393599
1260;36.5;-9.526279441628825;0.0019774476241010367
1261;35.0;-10.392304845413266;0.0007172954724711471
1262;33.5;-11.258330249197703;0.005133814116184853
1263;32.0;-12.12435565298214;0.0017889029213541418
1264;30.5;-12.990381056766582;0.001048034397602565
1265;29.0;-13.85640646055102;0.005627942006787423
1266;27.5;-14.722431864335459;0.0015874540149740145
1267;26.0;-15.588457268119896;0.0014695647901938923
1268;24.5;-16.454482671904334;0.006142096290028862
1269;23.0;-17.320508075688775;0.0013638820517472446
1270;21.5;-18.18653347947321;0.0019947329085965005
1271;20.0;-19.05255888325765;0.006637598656079837
1272;18.5;-19.918584287042087;0.0011134556110136626
1273;17.0;-20.784609690826525;0.002622282903822682
1274;15.5;-21.650635094610966;0.007049184124866508
1275;14.0;-22.516660498395403;0.0008454257853684211
1276;12.5;-23.38268590217984;0.0033148978735443872
1277;11.0;-24.24871130596428;0.007306241357250206
1278;9.5;-25.11473670974872;0.0005910789753526045
1279;8.0;-25.980762113533157;0.003995712378512752
1280;6.5;-26.846787517317598;0.007399405146077826
1281;5.0;-27.712812921102035;0.00038523089143878745
1282;3.5;-28.578838324886473;0.004604184439314667
1283;2.0;-29.444863728670914;0.007386819238186324
1284;0.5;-30.31088913245535;0.00023783553777558086
1285;57.5;4.330127018922194;0.0032633325582031108
1286;56.0;3.4641016151377526;0.0030107368248849524
1287;54.5;2.598076211353315;2.0882178372855095e-05
1288;53.0;1.7320508075688774;0.0035460737006994428
1289;51.5;0.8660254037844399;0.0027832825018089544
1290;50.0;-1.1102230246251565e-15;8.445206501991369e-05
1291;48.5;-0.8660254037844386;0.0038640131370957067
1292;47.0;-1.732050807568876;0.002575848113779868
1293;45.5;-2.598076211353317;0.00019359620208698935
1294;44.0;-3.4641016151377544;0.004222216287963973
1295;42.5;-4.330127018922192;0.0023828804175888897
1296;41.0;-5.196152422706633;0.00035351826513176516
1297;39.5;-6.06217782649107;0.004625369172563649
1298;38.0;-6.928203230275508;0.0021979440827894874
1299;36.5;-7.794228634059945;0.0005723238545168313
1300;35.0;-8.660254037844387;0.0050766870319463985
1301;33.5;-9.526279441628825;0.002013161375327497
1302;32.0;-10.392304845413262;0.0008617286461519217
1303;30.5;-11.258330249197703;0.005575427264566043
1304;29.0;-12.12435565298214;0.0018187027613570368
1305;27.5;-12.99038105676658;0.00123740333701663
1306;26.0;-13.856406460551018;0.00611176365635122
1307;24.5;-14.722431864335457;0.0016029312824012729
1308;23.0;-15.588457268119896;0.001717336051886808
1309;21.5;-16.454482671904334;0.006657451368572772
1310;20.0;-17.32050807568877;0.0013549044167514989
1311;18.5;-18.18653347947321;0.0023138963818490994
1312;17.0;-19.05255888325765;0.007153220402382533
1313;15.5;-19.918584287042087;0.0010726403606987945
1314;14.0;-20.784609690826525;0.0030121670687991505
1315;12.5;-21.650635094610966;0.007508457549997436
1316;11.0;-22.516660498395403;0.0007784883807947288
1317;9.5;-23.38268590217984;0.003741088551230519
1318;8.0;-24.24871130596428;0.007660409143048023
1319;6.5;-25.11473670974872;0.0005202115965718656
1320;5.0;-25.980762113533157;0.004407963450166567
1321;3.5;-26.846787517317594;0.0076530024428305395
1322;2.0;-27.712812921102035;0.00032733732553640884
1323;0.5;-28.578838324886473;0.004973731822751045
1324;57.5;6.062177826491072;0.0032633325582031103
1325;56.0;5.196152422706631;5.086848472697755e-06
1326;54.5;4.330127018922194;0.003533099784189524
1327;53.0;3.464101615137756;0.003022714228548201
1328;51.5;2.5980762113533187;4.613254540954049e-05
1329;50.0;1.7320508075688774;0.003837381832202329
1330;48.5;0.8660254037844399;0.0028059698827522413
1331;47.0;2.4424906541753444e-15;0.00013015097200900664
1332;45.5;-0.8660254037844386;0.004181781969518737
1333;44.0;-1.732050807568876;0.002607603389598633
1334;42.5;-2.5980762113533133;0.00026126930833777026
1335;41.0;-3.4641016151377544;0.004572036720289586
1336;39.5;-4.330127018922192;0.0024214258168857084
1337;38.0;-5.196152422706629;0.000446385216382278
1338;36.5;-6.062177826491067;0.0050134227063532875
1339;35.0;-6.928203230275508;0.0022399000990002233
1340;33.5;-7.794228634059945;0.0006960419518545634
1341;32.0;-8.660254037844384;0.005509125262642458
1342;30.5;-9.526279441628825;0.002053319513947187
1343;29.0;-10.392304845413262;0.0010254425750234606
1344;27.5;-11.258330249197702;0.006056418659387636
1345;26.0;-12.124355652982139;0.0018490881781413036
1346;24.5;-12.990381056766578;0.0014547469659947142
1347;23.0;-13.856406460551018;0.006638563089620846
1348;21.5;-14.722431864335455;0.001612219491356555
1349;20.0;-15.588457268119894;0.0020056228085431134
1350;18.5;-16.45448267190433;0.007210048278047724
1351;17.0;-17.320508075688767;0.0013303334375664143
1352;15.5;-18.18653347947321;0.0026858849824232295
1353;14.0;-19.052558883257646;0.007679788359161825
1354;12.5;-19.918584287042084;0.0010092149294648055
1355;11.0;-20.784609690826525;0.003451556821169875
1356;9.5;-21.650635094610962;0.007932724434643403
1357;8.0;-22.5166604983954;0.0006948139980449514
1358;6.5;-23.38268590217984;0.00418811091711539
1359;5.0;-24.248711305964278;0.007956754716512084
1360;3.5;-25.114736709748716;0.00044474360655088433
1361;2.0;-25.980762113533157;0.004814829792416942
1362;0.5;-26.846787517317594;0.007853000238888965
1363;56.0;6.928203230275506;0.003526101988466664
1364;54.5;6.062177826491069;0.0032700646959163172
1365;53.0;5.196152422706631;1.9897554106922624e-05
1366;51.5;4.330127018922194;0.0038156948211763553
1367;50.0;3.4641016151377526;0.0030420200125022283
1368;48.5;2.598076211353315;8.055418652803817e-05
1369;47.0;1.7320508075688774;0.00414475596540168
1370;45.5;0.8660254037844364;0.0028364493081890307
1371;44.0;-1.1102230246251565e-15;0.00018501443123044358
1372;42.5;-0.8660254037844386;0.004519674604913327
1373;41.0;-1.7320508075688796;0.0026474122785974485
1374;39.5;-2.598076211353317;0.00033888584131892585
1375;38.0;-3.4641016151377544;0.004947126966188393
1376;36.5;-4.330127018922192;0.0024678735788093197
1377;35.0;-5.196152422706633;0.0005512138786676138
1378;33.5;-6.06217782649107;0.005433192087889394
1379;32.0;-6.928203230275508;0.0022887493099209835
1380;30.5;-7.794228634059949;0.0008357830765892117
1381;29.0;-8.660254037844387;0.005980872527756826
1382;27.5;-9.526279441628827;0.0020976824472877485
1383;26.0;-10.392304845413264;0.0012125696213440814
1384;24.5;-11.258330249197703;0.006584051854664608
1385;23.0;-12.124355652982143;0.001878029044047244
1386;21.5;-12.99038105676658;0.0017077493982136393
1387;20.0;-13.85640646055102;0.0072142317027549694
1388;18.5;-14.722431864335457;0.0016102421632099816
1389;17.0;-15.588457268119896;0.00234626569772909
1390;15.5;-16.454482671904334;0.007796759440306764
1391;14.0;-17.32050807568877;0.001282275690472007
1392;12.5;-18.18653347947321;0.003121038824948317
1393;11.0;-19.05255888325765;0.008193525519005013
1394;9.5;-19.918584287042087;0.000919053282595614
1395;8.0;-20.784609690826525;0.003932107470647296
1396;6.5;-21.650635094610966;0.008294644769179224
1397;5.0;-22.516660498395403;0.0005995165625887591
1398;3.5;-23.38268590217984;0.0046392033909438265
1399;2.0;-24.24871130596428;0.008186253953321617
1400;0.5;-25.11473670974872;0.00036972293955232375
1401;56.0;8.660254037844384;0.003526101988466664
1402;54.5;7.794228634059947;4.824658925814409e-06
1403;53.0;6.92820323027551;0.003800124142838187
1404;51.5;6.062177826491072;0.0032845098255328397
1405;50.0;5.196152422706631;4.3782046331885975e-05
1406;48.5;4.330127018922194;0.00411261954649497
1407;47.0;3.464101615137756;0.0030696675685153384
1408;45.5;2.598076211353315;0.00012368671636435653
1409;44.0;1.7320508075688774;0.004470303351617565
1410;42.5;0.8660254037844399;0.0028758041011358645
1411;41.0;-1.1102230246251565e-15;0.0002488668684165425
1412;39.5;-0.8660254037844386;0.004880679852673055
1413;38.0;-1.732050807568876;0.002696409529745799
1414;36.5;-2.5980762113533133;0.00042675786722200676
1415;35.0;-3.4641016151377544;0.005351747884917507
1416;33.5;-4.330127018922192;0.0025232784714700673
1417;32.0;-5.196152422706629;0.0006692214567309087
1418;30.5;-6.06217782649107;0.005890683459598716
1419;29.0;-6.928203230275508;0.0023450956788003707
1420;27.5;-7.794228634059947;0.0009944964431178368
1421;26.0;-8.660254037844386;0.006499976828424017
1422;24.5;-9.526279441628825;0.0021455609510026216
1423;23.0;-10.392304845413264;0.0014292889607761766
1424;21.5;-11.258330249197702;0.007167511525448079
1425;20.0;-12.12435565298214;0.0019019811440017817
1426;18.5;-12.990381056766578;0.002007829511756
1427;17.0;-13.856406460551018;0.007843952241288026
1428;15.5;-14.722431864335457;0.0015888988288825384
1429;14.0;-15.588457268119894;0.002755240353981063
1430;12.5;-16.454482671904334;0.008404330493519158
1431;11.0;-17.32050807568877;0.0012007497800967405
1432;9.5;-18.18653347947321;0.0036243052937395305
1433;8.0;-19.05255888325765;0.008653168790276571
1434;6.5;-19.918584287042087;0.000804767357459507
1435;5.0;-20.784609690826525;0.004434216524973549
1436;3.5;-21.650635094610962;0.008574153520605242
1437;2.0;-22.516660498395403;0.0005002478775866803
1438;0.5;-23.38268590217984;0.0050765252834711555
1439;54.5;9.526279441628821;0.0037917885988686365
1440;53.0;8.660254037844384;0.003534140361238621
1441;51.5;7.794228634059947;1.8787922667345912e-05
1442;50.0;6.928203230275506;0.004086718035334877
1443;48.5;6.062177826491069;0.0033077346392341917
1444;47.0;5.196152422706631;7.612785883883753e-05
1445;45.5;4.33012701892219;0.004425713164232314
1446;44.0;3.4641016151377526;0.00310682209802808
1447;42.5;2.598076211353315;0.00017513354068173837
1448;41.0;1.7320508075688739;0.004816643027039333
1449;39.5;0.8660254037844364;0.0029253330194005294
1450;38.0;-1.1102230246251565e-15;0.00032166061042034484
1451;36.5;-0.8660254037844386;0.005268594142462896
1452;35.0;-1.7320508075688796;0.002755989903858628
1453;33.5;-2.598076211353317;0.0005254820922177715
1454;32.0;-3.4641016151377544;0.0057914474801265175
1455;30.5;-4.330127018922195;0.002588924298913659
1456;29.0;-5.196152422706633;0.0008022829686857354
1457;27.5;-6.062177826491072;0.006393893555200774
1458;26.0;-6.92820323027551;0.0024095135524423855
1459;24.5;-7.794228634059949;0.0011766432252135622
1460;23.0;-8.660254037844389;0.00707720716479596
1461;21.5;-9.526279441628827;0.002195411543327894
1462;20.0;-10.392304845413266;0.001685057208070923
1463;18.5;-11.258330249197703;0.00781818825866681
1464;17.0;-12.124355652982143;0.0019146994682588355
1465;15.5;-12.990381056766582;0.0023721863620873073
1466;14.0;-13.85640646055102;0.008528776883659418
1467;12.5;-14.722431864335459;0.0015354448042820545
1468;11.0;-15.588457268119898;0.0032516566321597563
1469;9.5;-16.454482671904334;0.008997288904513163
1470;8.0;-17.320508075688775;0.001077165971429008
1471;6.5;-18.186533479473212;0.004180138205032338
1472;5.0;-19.05255888325765;0.009017085371385535
1473;3.5;-19.918584287042087;0.0006763542770634265
1474;2.0;-20.784609690826528;0.004932323610035291
1475;0.5;-21.650635094610966;0.008763948084761627
1476;54.5;11.2583302491977;0.0037917885988686365
1477;53.0;10.392304845413262;4.532063736705579e-06
1478;51.5;9.526279441628825;0.004068288956842879
1479;50.0;8.660254037844384;0.0035513184719972806
1480;48.5;7.794228634059947;4.114626010209803e-05
1481;47.0;6.92820323027551;0.004387477475426305
1482;45.5;6.062177826491069;0.003340944702071102
1483;44.0;5.196152422706631;0.00011636281060563747
1484;42.5;4.330127018922194;0.004757230195253007
1485;41.0;3.4641016151377526;0.0031548707481152813
1486;39.5;2.598076211353315;0.0002345703987707616
1487;38.0;1.7320508075688774;0.0051870600252858995
1488;36.5;0.8660254037844399;0.002986642486879204
1489;35.0;-1.1102230246251565e-15;0.0004035100369298168
1490;33.5;-0.8660254037844386;0.005688315024452526
1491;32.0;-1.732050807568876;0.002827917139677289
1492;30.5;-2.598076211353317;0.0006360528013167457
1493;29.0;-3.4641016151377544;0.006273602016578155
1494;27.5;-4.330127018922194;0.0026664030624749735
1495;26.0;-5.196152422706631;0.0009532674466867273
1496;24.5;-6.06217782649107;0.006953730264629376
1497;23.0;-6.92820323027551;0.0024824214979967127
1498;21.5;-7.794228634059947;0.001389121437466389
1499;20.0;-8.660254037844387;0.007727230530228785
1500;18.5;-9.526279441628825;0.0022440183785906844
1501;17.0;-10.392304845413264;0.001994805044085713
1502;15.5;-11.258330249197703;0.008549290769391434
1503;14.0;-12.12435565298214;0.0019049978814954037
1504;12.5;-12.99038105676658;0.002826690022270989
1505;11.0;-13.85640646055102;0.00925598911959474
1506;9.5;-14.722431864335457;0.001431164962485325
1507;8.0;-15.588457268119896;0.003848196467216316
1508;6.5;-16.454482671904334;0.009501218704503185
1509;5.0;-17.32050807568877;0.0009183534233513627
1510;3.5;-18.18653347947321;0.004754312495769994
1511;2.0;-19.05255888325765;0.00926162090308366
1512;0.5;-19.918584287042087;0.0005468796091386097
1513;53.0;12.12435565298214;0.004058500963972063
1514;51.5;11.258330249197703;0.003801249705071134
1515;50.0;10.392304845413262;1.7557778421224477e-05
1516;48.5;9.526279441628825;0.004356986735848616
1517;47.0;8.660254037844387;0.0035788513203583467
1518;45.5;7.794228634059947;7.118517529307205e-05
1519;44.0;6.92820323027551;0.004704322693997332
1520;42.5;6.062177826491072;0.003385554463054529
1521;41.0;5.196152422706631;0.00016395371062820303
1522;39.5;4.330127018922194;0.00510995187275277
1523;38.0;3.464101615137756;0.00321552005639217
1524;36.5;2.5980762113533187;0.00030175387068843675
1525;35.0;1.7320508075688774;0.005585730097183997
1526;33.5;0.8660254037844399;0.00306178070158477
1527;32.0;2.4424906541753444e-15;0.0004947401449271192
1528;30.5;-0.8660254037844386;0.006146285819919093
1529;29.0;-1.732050807568876;0.0029144866677460637
1530;27.5;-2.598076211353315;0.000760041355477538
1531;26.0;-3.4641016151377526;0.006808272233556382
1532;24.5;-4.330127018922192;0.0027577202108073342
1533;23.0;-5.196152422706631;0.0011266175999461296
1534;21.5;-6.062177826491069;0.007585508427868574
1535;20.0;-6.928203230275508;0.002563776418558614
1536;18.5;-7.794228634059945;0.0016429724183466827
1537;17.0;-8.660254037844386;0.008470314498235338
1538;15.5;-9.526279441628825;0.0022847572563922114
1539;14.0;-10.392304845413262;0.002383010981526457
1540;12.5;-11.258330249197702;0.009372738864085801
1541;11.0;-12.12435565298214;0.0018525643642872708
1542;9.5;-12.990381056766578;0.003407910351826383
1543;8.0;-13.856406460551018;0.009972933183766897
1544;6.5;-14.722431864335457;0.0012560192461874597
1545;5.0;-15.588457268119894;0.004511788542349575
1546;3.5;-16.454482671904334;0.009851727611019448
1547;2.0;-17.32050807568877;0.0007445144859242267
1548;0.5;-18.18653347947321;0.00530739326201444
1549;53.0;13.856406460551018;0.004058500963972062
1550;51.5;12.99038105676658;4.211071452279772e-06
1551;50.0;12.124355652982139;0.004335495010128655
1552;48.5;11.258330249197702;0.0038213754345401635
1553;47.0;10.392304845413264;3.8241527546962144e-05
1554;45.5;9.526279441628823;0.0046595139022089956
1555;44.0;8.660254037844386;0.003618134920570111
1556;42.5;7.794228634059949;0.00010821299666240673
1557;41.0;6.928203230275508;0.00503957423497218
1558;39.5;6.06217782649107;0.0034432821150846057
1559;38.0;5.196152422706633;0.00021840026693909444
1560;36.5;4.330127018922195;0.005487345624550155
1561;35.0;3.4641016151377544;0.0032909357380517985
1562;33.5;2.598076211353317;0.0003765300550312546
1563;32.0;1.7320508075688792;0.006018053562554561
1564;30.5;0.8660254037844382;0.003153439786808303
1565;29.0;6.661338147750939e-16;0.00059595870865953
1566;27.5;-0.8660254037844386;0.006651190850938506
1567;26.0;-1.732050807568876;0.0030187780273079625
1568;24.5;-2.598076211353315;0.0008998952976299406
1569;23.0;-3.4641016151377544;0.007409615743185293
1570;21.5;-4.330127018922192;0.0028654287381044054
1571;20.0;-5.196152422706631;0.0013294101012514777
1572;18.5;-6.062177826491069;0.008311484610374497
1573;17.0;-6.928203230275508;0.002652323682435196
1574;15.5;-7.794228634059947;0.0019567508889697526
1575;14.0;-8.660254037844386;0.00933450227023929
1576;12.5;-9.526279441628825;0.002303694060737455
1577;11.0;-10.392304845413262;0.0028913720994578093
1578;9.5;-11.258330249197702;0.010285760090887617
1579;8.0;-12.12435565298214;0.001721193071701654
1580;6.5;-12.990381056766578;0.004150479142654955
1581;5.0;-13.856406460551018;0.010528855254765076
1582;3.5;-14.722431864335457;0.0010295127398781594
1583;2.0;-15.588457268119894;0.005179691933681582
1584;0.5;-16.454482671904334;0.010027549163391715
1585;51.5;14.722431864335457;0.004324174365777552
1586;50.0;13.856406460551016;0.004069468561842063
1587;48.5;12.990381056766578;1.6218350818572312e-05
1588;47.0;12.12435565298214;0.004624169730566193
1589;45.5;11.2583302491977;0.003853511556821652
1590;44.0;10.392304845413262;6.576719614461838e-05
1591;42.5;9.526279441628825;0.004977793836293809
1592;41.0;8.660254037844384;0.0036708343821921998
1593;39.5;7.794228634059947;0.0001515477299369208
1594;38.0;6.92820323027551;0.005396056889540552
1595;36.5;6.062177826491072;0.0035162822592826487
1596;35.0;5.196152422706631;0.00027922216222588564
1597;33.5;4.330127018922194;0.005893795700848715
1598;32.0;3.464101615137756;0.0033839504356191295
1599;30.5;2.598076211353315;0.00045884288161127356
1600;29.0;1.7320508075688774;0.006491164279178663
1601;27.5;0.8660254037844382;0.0032652730619786574
1602;26.0;6.661338147750939e-16;0.0007081679886384183
1603;24.5;-0.8660254037844386;0.007215086012307623
1604;23.0;-1.7320508075688779;0.0031450639786266017
1605;21.5;-2.598076211353315;0.0010594650879289164
1606;20.0;-3.4641016151377544;0.008098339785354122
1607;18.5;-4.330127018922192;0.0029927757002279187
1608;17.0;-5.196152422706631;0.001573441427070752
1609;15.5;-6.06217782649107;0.009165361095951266
1610;14.0;-6.928203230275509;0.002743669731039204
1611;12.5;-7.794228634059947;0.002363750268835774
1612;11.0;-8.660254037844386;0.010356785537651946
1613;9.5;-9.526279441628825;0.0022702610077359785
1614;8.0;-10.392304845413264;0.0035917813864171076
1615;6.5;-11.258330249197703;0.011217240825675675
1616;5.0;-12.12435565298214;0.0014581704349036497
1617;3.5;-12.99038105676658;0.004973661282537146
1618;2.0;-13.856406460551018;0.010827671447011437
1619;0.5;-14.722431864335457;0.0007934122488850984
1620;51.5;16.454482671904334;0.004324174365777551
1621;50.0;15.58845726811989;3.865424621078509e-06
1622;48.5;14.722431864335455;0.00459949648353726
1623;47.0;13.856406460551018;0.0040926786440552785
1624;45.5;12.990381056766577;3.51007583217018e-05
1625;44.0;12.124355652982139;0.00492612462081903
1626;42.5;11.258330249197702;0.0038992262150025375
1627;41.0;10.39230484541326;9.932257142162881e-05
1628;39.5;9.526279441628823;0.005314101412259847
1629;38.0;8.660254037844386;0.0037390027592325457
1630;36.5;7.794228634059949;0.00020049454259396583
1631;35.0;6.928203230275508;0.00577724500537255
1632;33.5;6.06217782649107;0.0036073379303405055
1633;32.0;5.196152422706633;0.0003459350033689898
1634;30.5;4.330127018922192;0.006334942244649635
1635;29.0;3.4641016151377544;0.0034983846305178348
1636;27.5;2.598076211353315;0.0005487397219519205
1637;26.0;1.7320508075688774;0.007014731471906457
1638;24.5;0.8660254037844382;0.0034024164904004244
1639;23.0;-1.1102230246251565e-15;0.0008329453389911678
1640;21.5;-0.8660254037844386;0.007855329244411164
1641;20.0;-1.7320508075688779;0.0032995087821765293
1642;18.5;-2.598076211353315;0.0012449965503270343
1643;17.0;-3.4641016151377544;0.008906243518310266
1644;15.5;-4.330127018922194;0.003143762340789323
1645;14.0;-5.196152422706632;0.0018797289942593814
1646;12.5;-6.06217782649107;0.01020069009455501
1647;11.0;-6.928203230275509;0.002824909580947622
1648;9.5;-7.794228634059947;0.0029290866833107236
1649;8.0;-8.660254037844387;0.011573182816133494
1650;6.5;-9.526279441628825;0.002114160762731478
1651;5.0;-10.392304845413264;0.004586740434493134
1652;3.5;-11.258330249197703;0.011817904808448987
1653;2.0;-12.12435565298214;0.0011243888710971584
1654;0.5;-12.99038105676658;0.005759067949427643
1655;50.0;17.32050807568877;0.004586611018955196
1656;48.5;16.454482671904334;0.0043366860228441296
1657;47.0;15.588457268119894;1.4788186449416993e-05
1658;45.5;14.722431864335453;0.004885819306269578
1659;44.0;13.856406460551016;0.004129574707817839
1660;42.5;12.990381056766578;5.9947420149931224e-05
1661;41.0;12.124355652982137;0.005243187166402347
1662;39.5;11.2583302491977;0.00396041301736228
1663;38.0;10.392304845413262;0.00013807420109271132
1664;36.5;9.526279441628825;0.005671143510461416
1665;35.0;8.660254037844384;0.0038252469511797648
1666;33.5;7.794228634059947;0.00025430910832964325
1667;32.0;6.92820323027551;0.0061874658162381505
1668;30.5;6.062177826491069;0.0037201487790466843
1669;29.0;5.196152422706631;0.0004180064698067607
1670;27.5;4.330127018922192;0.006818191013112359
1671;26.0;3.4641016151377544;0.003639564060675258
1672;24.5;2.598076211353315;0.0006463674334554893
1673;23.0;1.7320508075688756;0.007602275524148692
1674;21.5;0.8660254037844382;0.003572393474395481
1675;20.0;-1.1102230246251565e-15;0.0009727502585859348
1676;18.5;-0.8660254037844386;0.00859808501055778
1677;17.0;-1.7320508075688779;0.0034914375320244367
1678;15.5;-2.598076211353317;0.0014671682489379714
1679;14.0;-3.4641016151377553;0.009885351564649073
1680;12.5;-4.330127018922194;0.0033226721337603644
1681;11.0;-5.196152422706632;0.0022894873101469227
1682;9.5;-6.06217782649107;0.011507049378948152
1683;8.0;-6.92820323027551;0.002857724738869483
1684;6.5;-7.794228634059948;0.0037944028614063604
1685;5.0;-8.660254037844387;0.012928936731946372
1686;3.5;-9.526279441628827;0.0016797463521647986
1687;2.0;-10.392304845413264;0.0056517736305220345
1688;0.5;-11.258330249197703;0.011972830813553334
1689;50.0;19.05255888325765;0.004586611018955196
1690;48.5;18.186533479473212;3.500654408889257e-06
1691;47.0;17.320508075688775;0.004857959042149966
1692;45.5;16.454482671904334;0.004363011336262214
1693;44.0;15.588457268119894;3.1774290581985995e-05
1694;42.5;14.722431864335457;0.0051846248363352715
1695;41.0;13.856406460551016;0.004181857557466163
1696;39.5;12.990381056766578;8.983329925705756e-05
1697;38.0;12.12435565298214;0.005577447479407894
1698;36.5;11.258330249197703;0.0040394283348326185
1699;35.0;10.392304845413262;0.00018112891446056708
1700;33.5;9.526279441628825;0.0060521636142908545
1701;32.0;8.660254037844387;0.003932967307752457
1702;30.5;7.794228634059947;0.0003121378688951656
1703;29.0;6.92820323027551;0.006632185127010669
1704;27.5;6.06217782649107;0.0038597804732123683
1705;26.0;5.196152422706633;0.0004947750035189292
1706;24.5;4.330127018922194;0.0073535010081242054
1707;23.0;3.4641016151377544;0.003815195847751407
1708;21.5;2.598076211353317;0.000751940090427015
1709;20.0;1.7320508075688774;0.008273439148309393
1710;18.5;0.8660254037844399;0.0037867919023063155
1711;17.0;6.661338147750939e-16;0.001131479522152309
1712;15.5;-0.8660254037844386;0.009485205515923115
1713;14.0;-1.732050807568877;0.003735834459644053
1714;12.5;-2.598076211353315;0.0017457757205852106
1715;11.0;-3.4641016151377535;0.011128395728195024
1716;9.5;-4.330127018922192;0.003531013121281145
1717;8.0;-5.196152422706631;0.002895863152671408
1718;6.5;-6.0621778264910695;0.013237978775721006
1719;5.0;-6.928203230275508;0.002715114219574783
1720;3.5;-7.794228634059947;0.005288310921400842
1721;2.0;-8.660254037844386;0.01349383972094469
1722;0.5;-9.526279441628825;0.001172525004108833
1723;48.5;19.91858428704209;0.004843537323884039
1724;47.0;19.05255888325765;0.00460064531245318
1725;45.5;18.18653347947321;1.3293066082467733e-05
1726;44.0;17.320508075688775;0.005139450893956604
1727;42.5;16.454482671904334;0.00440464109373668
1728;41.0;15.58845726811989;5.383238331453279e-05
1729;39.5;14.722431864335455;0.005497529445461957
1730;38.0;13.856406460551018;0.004251596479807087
1731;36.5;12.99038105676658;0.0001237837185403947
1732;35.0;12.124355652982139;0.005931296585755041
1733;33.5;11.258330249197702;0.004139280278936015
1734;32.0;10.392304845413264;0.00022747513057887146
1735;30.5;9.526279441628823;0.006461072716009343
1736;29.0;8.660254037844386;0.004066715564956763
1737;27.5;7.794228634059947;0.00037291848145433996
1738;26.0;6.92820323027551;0.007118409957137922
1739;24.5;6.06217782649107;0.004033395417353922
1740;23.0;5.196152422706631;0.0005752939063732661
1741;21.5;4.330127018922194;0.007954641634560326
1742;20.0;3.4641016151377544;0.004036940372188206
1743;18.5;2.598076211353317;0.0008656265696986506
1744;17.0;1.7320508075688774;0.009058163931329681
1745;15.5;0.8660254037844382;0.004064642362795253
1746;14.0;-2.220446049250313e-16;0.001315552564597145
1747;12.5;-0.8660254037844386;0.01058922375048775
1748;11.0;-1.732050807568877;0.004058802353535941
1749;9.5;-2.598076211353315;0.0021223419939368467
1750;8.0;-3.4641016151377544;0.012822290502762856
1751;6.5;-4.330127018922193;0.003750728434209031
1752;5.0;-5.196152422706631;0.003962659406406808
1753;3.5;-6.06217782649107;0.0155819126365721
1754;2.0;-6.928203230275509;0.001887225964454327
1755;0.5;-7.794228634059947;0.00671102325551379
1756;48.5;21.650635094610966;0.004843537323884038
1757;47.0;20.784609690826528;3.1239489189220903e-06
1758;45.5;19.918584287042087;0.005108535920625918
1759;44.0;19.05255888325765;0.00462998565886744
1760;42.5;18.186533479473212;2.8328937519541208e-05
1761;41.0;17.32050807568877;0.005432357099915821
1762;39.5;16.454482671904334;0.004463345078186613
1763;38.0;15.588457268119894;7.994253928202202e-05
1764;36.5;14.722431864335457;0.005826281190150532
1765;35.0;13.856406460551016;0.004341373273148389
1766;33.5;12.990381056766578;0.0001607233872805331
1767;32.0;12.12435565298214;0.006307459737282015
1768;30.5;11.2583302491977;0.0042638966471339
1769;29.0;10.392304845413262;0.0002758918748346701
1770;27.5;9.526279441628823;0.006902602493623046
1771;26.0;8.660254037844386;0.004232747992087784
1772;24.5;7.794228634059947;0.00043520850795503776
1773;23.0;6.928203230275508;0.0076552531622820705
1774;21.5;6.06217782649107;0.00425149804121684
1775;20.0;5.196152422706631;0.0006580187610881876
1776;18.5;4.330127018922194;0.008641274122961767
1777;17.0;3.4641016151377544;0.004323437879399957
1778;15.5;2.598076211353315;0.0009872062933954087
1779;14.0;1.7320508075688765;0.01000501954441108
1780;12.5;0.8660254037844382;0.00444001095720601
1781;11.0;-2.220446049250313e-16;0.0015362655386993887
1782;9.5;-0.8660254037844386;0.012051124476910731
1783;8.0;-1.7320508075688779;0.004511361563292249
1784;6.5;-2.598076211353316;0.0027032057326924503
1785;5.0;-3.4641016151377544;0.015423863652314074
1786;3.5;-4.330127018922194;0.0038288712722055578
1787;2.0;-5.196152422706632;0.006623569901580954
1788;0.5;-6.06217782649107;0.015715894149539254
1789;47.0;22.516660498395407;0.0050926772331527405
1790;45.5;21.650635094610966;0.0048590035395903826
1791;44.0;20.784609690826528;1.176506967834675e-05
1792;42.5;19.91858428704209;0.005382642076043596
1793;41.0;19.05255888325765;0.0046761023137516485
1794;39.5;18.186533479473212;4.7558327637742194e-05
1795;38.0;17.320508075688775;0.005737961027639217
1796;36.5;16.454482671904337;0.004541280195198684
1797;35.0;15.588457268119894;0.00010901410969909517
1798;33.5;14.722431864335457;0.006172737516998142
1799;32.0;13.85640646055102;0.004454473816731304
1800;30.5;12.990381056766578;0.00019940258086880233
1801;29.0;12.12435565298214;0.006709004454123812
1802;27.5;11.2583302491977;0.004418514699544091
1803;26.0;10.392304845413262;0.0003248043672091233
1804;24.5;9.526279441628825;0.007382456776842371
1805;23.0;8.660254037844384;0.004439910310908022
1806;21.5;7.794228634059947;0.0004968793682044855
1807;20.0;6.928203230275509;0.008254701684400702
1808;18.5;6.062177826491071;0.004530175358714804
1809;17.0;5.196152422706632;0.0007401446285048409
1810;15.5;4.330127018922193;0.00944253240151005
1811;14.0;3.4641016151377544;0.004706681069121222
1812;12.5;2.598076211353316;0.001115004784575809
1813;11.0;1.7320508075688774;0.011199699061619668
1814;9.5;0.866025403784439;0.004981873822736005
1815;8.0;-2.220446049250313e-16;0.0018156925230229848
1816;6.5;-0.8660254037844386;0.01419887497538715
1817;5.0;-1.732050807568877;0.005212910233872893
1818;3.5;-2.598076211353316;0.0038831560825655226
1819;2.0;-3.4641016151377544;0.020524341990535797
1820;0.5;-4.330127018922193;0.0019340409028176548
1821;47.0;24.24871130596428;0.0050926772331527405
1822;45.5;23.38268590217984;2.743804025204429e-06
1823;44.0;22.516660498395403;0.005348959011558927
1824;42.5;21.650635094610966;0.0048911093846371
1825;41.0;20.784609690826525;2.484483560706528e-05
1826;39.5;19.918584287042087;0.00566682044949193
1827;38.0;19.05255888325765;0.0047407460200026294
1828;36.5;18.186533479473212;6.98947646869455e-05
1829;35.0;17.32050807568877;0.006057509451737403
1830;33.5;16.454482671904334;0.004641123107108777
1831;32.0;15.588457268119894;0.00013982888680338297
1832;30.5;14.722431864335455;0.006538799287766945
1833;29.0;13.856406460551018;0.004595147167867801
1834;27.5;12.990381056766578;0.00023828873093318306
1835;26.0;12.12435565298214;0.007139276387733399
1836;24.5;11.258330249197702;0.004610259883573228
1837;23.0;10.392304845413262;0.0003720490199698748
1838;21.5;9.526279441628825;0.007907378731922439
1839;20.0;8.660254037844386;0.004701104064564632
1840;18.5;7.794228634059949;0.0005545465219540036
1841;17.0;6.92820323027551;0.008932551524377143
1842;15.5;6.06217782649107;0.004895394311468212
1843;14.0;5.196152422706631;0.0008160985309405314
1844;12.5;4.330127018922194;0.010403376332785527
1845;11.0;3.4641016151377544;0.0052471107510844855
1846;9.5;2.598076211353316;0.0012422974564637273
1847;8.0;1.732050807568877;0.01281273086573206
1848;6.5;0.8660254037844386;0.005859609866169885
1849;5.0;2.220446049250313e-16;0.0022051050333891146
1850;3.5;-0.8660254037844386;0.01809440929334957
1851;2.0;-1.7320508075688772;0.006552613761943876
1852;0.5;-2.598076211353316;0.009857602455124377
1853;45.5;25.11473670974872;0.005331838534765508
1854;44.0;24.24871130596428;0.005109409643855591
1855;42.5;23.382685902179844;1.0240710555363732e-05
1856;41.0;22.516660498395403;0.005613145180017692
1857;39.5;21.650635094610966;0.00494122215605487
1858;38.0;20.784609690826528;4.128333772579904e-05
1859;36.5;19.91858428704209;0.005961906744420268
1860;35.0;19.05255888325765;0.0048260384757993135
1861;33.5;18.186533479473212;9.417178274100589e-05
1862;32.0;17.320508075688775;0.006392116886261143
1863;30.5;16.454482671904334;0.00476623383716059
1864;29.0;15.588457268119894;0.0001709641919551647
1865;27.5;14.722431864335455;0.006926253890966026
1866;26.0;13.856406460551018;0.004768956976216493
1867;24.5;12.990381056766578;0.00027540544965240293
1868;23.0;12.124355652982139;0.007601654372540918
1869;21.5;11.258330249197702;0.004849015235740718
1870;20.0;10.392304845413262;0.00041448258380993744
1871;18.5;9.526279441628825;0.008484880159248417
1872;17.0;8.660254037844386;0.005035799188686005
1873;15.5;7.794228634059947;0.0006024610554174487
1874;14.0;6.928203230275509;0.009709054151989291
1875;12.5;6.06217782649107;0.005391892125743605
1876;11.0;5.196152422706632;0.000873793569644739
1877;9.5;4.330127018922194;0.011595668028534904
1878;8.0;3.4641016151377544;0.006075749416216058
1879;6.5;2.598076211353316;0.0013428740126491037
1880;5.0;1.7320508075688774;0.015253888762969936
1881;3.5;0.8660254037844386;0.007666213410672773
1882;2.0;0.0;0.0028694496964595862
1883;0.5;-0.8660254037844386;0.03248417795737605
1884;86.5;-51.09549882328188;3.3835387750901744e-05
1885;85.0;-51.96152422706631;3.383538775090174e-05
1886;83.5;-52.827549630850754;3.3835387750901724e-05
1887;88.0;-48.497422611928556;6.905512434541753e-05
1888;86.5;-49.363448015713;6.90551243454175e-05
1889;85.0;-50.22947341949743;6.215656866762559e-06
1890;83.5;-51.09549882328187;1.1046964889911084e-05
1891;82.0;-51.96152422706631;8.354904841486303e-05
1892;80.5;-52.82754963085075;8.354904841486303e-05
1893;88.0;-46.76537180435969;9.082188872155597e-05
1894;86.5;-47.63139720814413;1.4886698222419919e-06
1895;85.0;-48.49742261192856;5.0265699613763034e-05
1896;83.5;-49.363448015713004;9.183298110893045e-05
1897;82.0;-50.229473419497445;3.917827512448461e-05
1898;80.5;-51.09549882328188;8.301668982576342e-06
1899;79.0;-51.96152422706632;0.00014452315967039407
1900;77.5;-52.82754963085076;0.00014452315967039407
1901;86.5;-45.89934640057525;9.082188872155599e-05
1902;85.0;-46.76537180435968;0.00011556599274217846
1903;83.5;-47.63139720814412;1.3398028400177954e-05
1904;82.0;-48.49742261192856;3.507743828225052e-05
1905;80.5;-49.363448015713;0.00014839810418782986
1906;79.0;-50.22947341949744;8.650142736057272e-05
1907;77.5;-51.09549882328188;7.404734619343526e-06
1908;76.0;-51.96152422706631;0.0002173543612189025
1909;74.5;-52.827549630850754;0.0002173543612189025
1910;86.5;-44.167295593006365;0.00012889872858369567
1911;85.0;-45.0333209967908;3.3244437366928583e-06
1912;83.5;-45.89934640057524;7.968877117003893e-05
1913;82.0;-46.76537180435968;0.0001584373135486535
1914;80.5;-47.631397208144115;4.4416460927105006e-05
1915;79.0;-48.497422611928556;3.0440692877863394e-05
1916;77.5;-49.363448015713;0.00021957083715100427
1917;76.0;-50.22947341949743;0.00014633156940810688
1918;74.5;-51.09549882328187;7.002290436666106e-06
1919;73.0;-51.961524227066306;0.00030238173390303026
1920;71.5;-52.82754963085075;0.0003023817339030302
1921;85.0;-43.30127018922193;0.00012889872858369567
1922;83.5;-44.16729559300637;0.00017362445591922104
1923;82.0;-45.03332099679081;1.8060855902321043e-05
1924;80.5;-45.89934640057525;6.951193688709569e-05
1925;79.0;-46.76537180435969;0.00022505848786569073
1926;77.5;-47.63139720814413;8.995841466249674e-05
1927;76.0;-48.49742261192856;2.8443895266977314e-05
1928;74.5;-49.363448015713004;0.00030380631113431823
1929;73.0;-50.22947341949744;0.00021856240865106709
1930;71.5;-51.09549882328188;6.7874345596092514e-06
1931;70.0;-51.96152422706632;0.0003997759282742119
1932;68.5;-52.827549630850754;0.0003997759282742119
1933;85.0;-41.56921938165305;0.00018180719582210853
1934;83.5;-42.43524478543749;4.537889569789503e-06
1935;82.0;-43.30127018922193;0.00012202363842957745
1936;80.5;-44.167295593006365;0.00023397488468902762
1937;79.0;-45.033320996790806;4.842567269084773e-05
1938;77.5;-45.89934640057525;6.469135733112969e-05
1939;76.0;-46.76537180435968;0.00030722148559576845
1940;74.5;-47.63139720814412;0.00014870468167651338
1941;73.0;-48.497422611928556;2.741137724504656e-05
1942;71.5;-49.363448015713;0.00040077813512597764
1943;70.0;-50.22947341949744;0.00030325343491518196
1944;68.5;-51.09549882328187;6.657556047375293e-06
1945;67.0;-51.96152422706631;0.0005096135337279922
1946;65.5;-52.827549630850754;0.0005096135337279922
1947;83.5;-40.70319397786861;0.00018180719582210853
1948;82.0;-41.56921938165305;0.00024379144220010025
1949;80.5;-42.43524478543748;2.086106169236917e-05
1950;79.0;-43.301270189221924;0.00011510814665689287
1951;77.5;-44.167295593006365;0.0003128548082817387
1952;76.0;-45.0333209967908;9.301847138739568e-05
1953;74.5;-45.89934640057524;6.214368094639262e-05
1954;73.0;-46.765371804359674;0.00040310918851669094
1955;71.5;-47.631397208144115;0.00022028471689313362
1956;70.0;-48.497422611928556;2.6806011812171677e-05
1957;68.5;-49.36344801571299;0.000510381549182022
1958;67.0;-50.22947341949743;0.0004004561944881478
1959;65.5;-51.09549882328187;6.570095949764115e-06
1960;64.0;-51.961524227066306;0.0006319110648673647
1961;62.5;-52.82754963085075;0.0006319110648673647
1962;83.5;-38.97114317029974;0.0002488984627580414
1963;82.0;-39.83716857408418;5.25751105346004e-06
1964;80.5;-40.703193977868615;0.00017744626609432043
1965;79.0;-41.569219381653056;0.0003199908107097909
1966;77.5;-42.4352447854375;5.1257588215099784e-05
1967;76.0;-43.30127018922193;0.00011084429401238155
1968;74.5;-44.16729559300637;0.0004069446876976201
1969;73.0;-45.033320996790806;0.00015103780137452782
1970;71.5;-45.89934640057525;6.065038180791686e-05
1971;70.0;-46.76537180435969;0.000512109078084695
1972;68.5;-47.63139720814412;0.00030458539057338197
1973;67.0;-48.49742261192856;2.6411897924958453e-05
1974;65.5;-49.363448015713004;0.0006325553125531828
1975;64.0;-50.22947341949744;0.0005101921064121766
1976;62.5;-51.09549882328188;6.504585070765913e-06
1977;61.0;-51.96152422706632;0.0007666391934640844
1978;59.5;-52.827549630850754;0.0007666391934640843
1979;82.0;-38.1051177665153;0.00024889846275804147
1980;80.5;-38.97114317029973;0.00032650475180089436
1981;79.0;-39.837168574084174;2.2548695220628806e-05
1982;77.5;-40.703193977868615;0.00017265277585302974
1983;76.0;-41.56921938165305;0.000412056742070668
1984;74.5;-42.43524478543749;9.547086088309865e-05
1985;73.0;-43.301270189221924;0.00010820058353603406
1986;71.5;-44.167295593006365;0.0005149130081700752
1987;70.0;-45.033320996790806;0.00022212501886711172
1988;68.5;-45.89934640057524;5.969058128633945e-05
1989;67.0;-46.76537180435968;0.0006339489517049545
1990;65.5;-47.63139720814412;0.00040156521595681037
1991;64.0;-48.497422611928556;2.6128047010162657e-05
1992;62.5;-49.363448015713;0.0007672341923247089
1993;61.0;-50.22947341949744;0.0006324512680653651
1994;59.5;-51.09549882328187;6.449904809993716e-06
1995;58.0;-51.96152422706631;0.0009137269284827911
1996;56.5;-52.827549630850754;0.000913726928482791
1997;82.0;-36.37306695894643;0.0003297854997571654
1998;80.5;-37.239092362730865;5.6809819664110375e-06
1999;79.0;-38.105117766515306;0.0002460493858779645
2000;77.5;-38.97114317029975;0.0004175691200475797
2001;76.0;-39.83716857408418;5.321363642326526e-05
2002;74.5;-40.70319397786862;0.0001691147595480573
2003;73.0;-41.569219381653056;0.000518715757818214
2004;71.5;-42.4352447854375;0.00015310056413585748
2005;70.0;-43.30127018922194;0.00010646759188498849
2006;68.5;-44.16729559300637;0.000636157991483996
2007;67.0;-45.03332099679081;0.00030611717654144597
2008;65.5;-45.899346400575254;5.901524851849232e-05
2009;64.0;-46.76537180435969;0.0007684666188640519
2010;62.5;-47.63139720814413;0.0005111971927491306
2011;61.0;-48.49742261192857;2.590120132969078e-05
2012;59.5;-49.363448015713004;0.0009143309655651771
2013;58.0;-50.229473419497445;0.0007671924893989388
2014;56.5;-51.095498823281886;6.399263457115496e-06
2015;55.0;-51.96152422706632;0.0010730598944808738
2016;53.5;-52.82754963085076;0.001073059894480874
2017;80.5;-35.50704155516198;0.0003297854997571655
2018;79.0;-36.373066958946424;0.0004220345006891116
2019;77.5;-37.239092362730865;2.3595470181275397e-05
2020;76.0;-38.1051177665153;0.00024264265470832835
2021;74.5;-38.97114317029974;0.0005231173569429187
2022;73.0;-39.837168574084174;9.736451429762422e-05
2023;71.5;-40.703193977868615;0.00016661611194955988
2024;70.0;-41.569219381653056;0.0006391475495688725
2025;68.5;-42.43524478543749;0.00022389299140926442
2026;67.0;-43.30127018922193;0.0001052495103926797
2027;65.5;-44.16729559300637;0.0007703579567654502
2028;64.0;-45.033320996790806;0.0004029327462901413
2029;62.5;-45.89934640057525;5.8492603253284086e-05
2030;61.0;-46.76537180435969;0.0009155293806636695
2031;59.5;-47.63139720814412;0.0006334480447493353
2032;58.0;-48.49742261192856;2.5699955349188656e-05
2033;56.5;-49.363448015713004;0.0010737255818369373
2034;55.0;-50.22947341949744;0.0009143412166835146
2035;53.5;-51.09549882328188;6.347967511825091e-06
2036;52.0;-51.96152422706632;0.0012444745073018834
2037;50.5;-52.827549630850754;0.0012444745073018834
2038;80.5;-33.7749907475931;0.00042422272120677386
2039;79.0;-34.64101615137754;5.937363032631863e-06
2040;77.5;-35.50704155516198;0.00032785648942015513
2041;76.0;-36.37306695894642;0.0005273602086388297
2042;74.5;-37.23909236273086;5.4572696212269854e-05
2043;73.0;-38.10511776651529;0.00023976743122045382
2044;71.5;-38.97114317029973;0.0006427123080099666
2045;70.0;-39.837168574084174;0.00015484778353779514
2046;68.5;-40.70319397786861;0.00016480352958614202
2047;67.0;-41.56921938165305;0.0007728754128353745
2048;65.5;-42.43524478543749;0.00030770487170299294
2049;64.0;-43.301270189221924;0.00010432180283197021
2050;62.5;-44.167295593006365;0.0009173017196428912
2051;61.0;-45.033320996790806;0.000512521765752427
2052;59.5;-45.89934640057524;5.804569419925249e-05
2053;58.0;-46.76537180435968;0.0010749982708468915
2054;56.5;-47.63139720814412;0.0007682683384830761
2055;55.0;-48.497422611928556;2.5503492330217518e-05
2056;53.5;-49.363448015713;0.0012452552144446346
2057;52.0;-50.22947341949744;0.0010737848516839553
2058;50.5;-51.09549882328187;6.292339975735126e-06
2059;49.0;-51.96152422706631;0.0014277488428712823
2060;47.5;-52.827549630850754;0.0014277488428712823
2061;79.0;-32.908965343808674;0.00042422272120677397
2062;77.5;-33.774990747593115;0.000530534668721646
2063;76.0;-34.64101615137755;2.4270701606262477e-05
2064;74.5;-35.50704155516199;0.0003253620236266325
2065;73.0;-36.373066958946424;0.0006464371241386425
2066;71.5;-37.239092362730865;9.881756359390382e-05
2067;70.0;-38.105117766515306;0.00023750104556567814
2068;68.5;-38.97114317029974;0.0007758928839068511
2069;67.0;-39.83716857408418;0.0002255184332709512
2070;65.5;-40.70319397786862;0.0001634144398542356
2071;64.0;-41.569219381653056;0.0009195986053925806
2072;62.5;-42.4352447854375;0.0004044555281988317
2073;61.0;-43.30127018922194;0.00010354913502049867
2074;59.5;-44.16729559300637;0.0010768145844967177
2075;58.0;-45.03332099679081;0.0006348424786888458
2076;56.5;-45.899346400575254;5.762458105091837e-05
2077;55.0;-46.76537180435969;0.0012467070882107272
2078;53.5;-47.63139720814413;0.0009155853730067034
2079;52.0;-48.49742261192857;2.5296197834645197e-05
2080;50.5;-49.363448015713004;0.0014287030999948537
2081;49.0;-50.229473419497445;0.0012453654251569596
2082;47.5;-51.095498823281886;6.229160101954353e-06
2083;46.0;-51.96152422706632;0.0016225905807895132
2084;44.5;-52.82754963085076;0.0016225905807895132
2085;79.0;-31.176914536239792;0.0005320583329822443
2086;77.5;-32.04293994002423;6.099526567127392e-06
2087;76.0;-32.90896534380867;0.0004228623128810396
2088;74.5;-33.77499074759311;0.000649747574837438
2089;73.0;-34.64101615137754;5.5537554966432e-05
2090;71.5;-35.50704155516198;0.0003230206591280223
2091;70.0;-36.373066958946424;0.0007791622466863279
2092;68.5;-37.23909236273086;0.00015631022925215654
2093;67.0;-38.1051177665153;0.00023569756527414904
2094;65.5;-38.97114317029974;0.0009223196556392673
2095;64.0;-39.837168574084174;0.0003092797184877645
2096;62.5;-40.703193977868615;0.00016227024628565867
2097;61.0;-41.569219381653056;0.0010790971170571229
2098;59.5;-42.43524478543749;0.0005140968580179792
2099;58.0;-43.30127018922193;0.00010284290302103783
2100;56.5;-44.16729559300637;0.001248719797261056
2101;55.0;-45.033320996790806;0.0007698485063160901
2102;53.5;-45.89934640057525;5.7192851518050153e-05
2103;52.0;-46.76537180435969;0.0014304459567955397
2104;50.5;-47.63139720814412;0.0010752958697758399
2105;49.0;-48.49742261192856;2.5064890324122267e-05
2106;47.5;-49.363448015713004;0.0016237853652257457
2107;46.0;-50.22947341949744;0.0014288696122803988
2108;44.5;-51.09549882328188;6.1553649369128434e-06
2109;43.0;-51.96152422706632;0.0018286222791724527
2110;41.5;-52.827549630850754;0.0018286222791724519
2111;77.5;-30.31088913245535;0.0005320583329822441
2112;76.0;-31.176914536239785;0.0006520929978919693
2113;74.5;-32.042939940024226;2.4725710538604802e-05
2114;73.0;-32.90896534380866;0.00042097401154204587
2115;71.5;-33.7749907475931;0.000782321097461689
2116;70.0;-34.64101615137754;9.99445683067269e-05
2117;68.5;-35.507041555161976;0.0003209920082159385
2118;67.0;-36.37306695894642;0.0009252948016579194
2119;65.5;-37.23909236273086;0.00022699079967086015
2120;64.0;-38.10511776651529;0.0002341971810413961
2121;62.5;-38.97114317029973;0.0010817424036184008
2122;61.0;-39.837168574084174;0.0004060756445085512
2123;59.5;-40.70319397786861;0.00016124669520654314
2124;58.0;-41.56921938165305;0.0012511783190088282
2125;56.5;-42.43524478543749;0.0006365957958736692
2126;55.0;-43.301270189221924;0.00010213890737348667
2127;53.5;-44.167295593006365;0.001432813537468547
2128;52.0;-45.033320996790806;0.000917479736676014
2129;50.5;-45.89934640057524;5.6720613370655766e-05
2130;49.0;-46.76537180435968;0.0016259453901305632
2131;47.5;-47.63139720814412;0.0012472571733377997
2132;46.0;-48.497422611928556;2.4797331460861257e-05
2133;44.5;-49.363448015713;0.0018301355527384471
2134;43.0;-50.22947341949744;0.001624016074972568
2135;41.5;-51.09549882328187;6.06789850130177e-06
2136;40.0;-51.96152422706631;0.0020453642803749403
2137;38.5;-52.827549630850754;0.0020453642803749403
2138;77.5;-28.578838324886483;0.0006532022746333778
2139;76.0;-29.444863728670917;6.207235894655244e-06
2140;74.5;-30.310889132455358;0.0005310572369157814
2141;73.0;-31.176914536239792;0.0007849620697095416
2142;71.5;-32.04293994002423;5.6242850178232246e-05
2143;70.0;-32.908965343808674;0.0004190405596110387
2144;68.5;-33.77499074759311;0.000928281244846986
2145;67.0;-34.64101615137755;0.00015753910781944909
2146;65.5;-35.50704155516199;0.0003192368494433159
2147;64.0;-36.373066958946424;0.0010846097726641476
2148;62.5;-37.239092362730865;0.0003108137964115215
2149;61.0;-38.105117766515306;0.00023286578753534717
2150;59.5;-38.97114317029974;0.0012539572847092013
2151;58.0;-39.83716857408418;0.0005158787482236072
2152;56.5;-40.70319397786862;0.00016025116107601167
2153;55.0;-41.569219381653056;0.0014356433734232334
2154;53.5;-42.4352447854375;0.00077192316701812
2155;52.0;-43.30127018922194;0.0001013851279886663
2156;50.5;-44.16729559300637;0.0016288445381945629
2157;49.0;-45.03332099679081;0.0010776537721953693
2158;47.5;-45.899346400575254;5.6180658909539975e-05
2159;46.0;-46.76537180435969;0.0018328591383080912
2160;44.5;-47.63139720814413;0.001431276284611648
2161;43.0;-48.49742261192857;2.4481430770942664e-05
2162;41.5;-49.363448015713004;0.002047286859213931
2163;40.0;-50.229473419497445;0.0018304401654180118
2164;38.5;-51.095498823281886;5.9636574867467065e-06
2165;37.0;-51.96152422706632;0.002272215710305363
2166;35.5;-52.82754963085076;0.002272215710305363
2167;76.0;-27.712812921102035;0.0006532022746333778
2168;74.5;-28.578838324886476;0.000786760688073822
2169;73.0;-29.44486372867091;2.5045776275928658e-05
2170;71.5;-30.31088913245535;0.0005295797134235959
2171;70.0;-31.176914536239792;0.000930989609998291
2172;68.5;-32.042939940024226;0.00010083457697261738
2173;67.0;-32.90896534380867;0.0004172241757391531
2174;65.5;-33.77499074759311;0.0010875171208203091
2175;64.0;-34.64101615137754;0.00022832189438255597
2176;62.5;-35.50704155516198;0.00031766254171323516
2177;61.0;-36.373066958946424;0.0012569153584525018
2178;59.5;-37.23909236273086;0.00040775973250045384
2179;58.0;-38.1051177665153;0.00023159354424654179
2180;56.5;-38.97114317029974;0.0014387730597272797
2181;55.0;-39.837168574084174;0.0006386804212269469
2182;53.5;-40.703193977868615;0.00015920780393878332
2183;52.0;-41.569219381653056;0.0016322620349682633
2184;50.5;-42.43524478543749;0.0009200450603876258
2185;49.0;-43.30127018922193;0.00010053474562049354
2186;47.5;-44.16729559300637;0.0018364943672646641
2187;46.0;-45.033320996790806;0.0012502562729093645
2188;44.5;-45.89934640057525;5.554633023585472e-05
2189;43.0;-46.76537180435969;0.002050745110102961
2190;41.5;-47.63139720814412;0.0016270963167566957
2191;40.0;-48.49742261192856;2.4104880842228704e-05
2192;38.5;-49.363448015713004;0.0022746523757665484
2193;37.0;-50.22947341949744;0.00204767614684063
2194;35.5;-51.09549882328188;5.839511395500893e-06
2195;34.0;-51.96152422706632;0.002508434296561097
2196;32.5;-52.827549630850754;0.002508434296561097
2197;76.0;-25.980762113533153;0.0007876013457126921
2198;74.5;-26.846787517317594;6.282110540323057e-06
2199;73.0;-27.712812921102028;0.000652436716081982
2200;71.5;-28.57883832488647;0.0009331446446228938
2201;70.0;-29.44486372867091;5.677347201646152e-05
2202;68.5;-30.310889132455344;0.0005279565463028101
2203;67.0;-31.176914536239785;0.001090250872360298
2204;65.5;-32.042939940024226;0.00015858065405754843
2205;64.0;-32.90896534380866;0.00041553368627670256
2206;62.5;-33.7749907475931;0.0012598927173010793
2207;61.0;-34.64101615137754;0.000312295249587232
2208;59.5;-35.507041555161976;0.0003161683971338933
2209;58.0;-36.37306695894642;0.0014420388203789246
2210;56.5;-37.23909236273086;0.0005178350098047219
2211;55.0;-38.10511776651529;0.00023028589625072746
2212;53.5;-38.97114317029973;0.0016359841613901597
2213;52.0;-39.837168574084174;0.000774483494484188
2214;50.5;-40.70319397786861;0.00015804812450345078
2215;49.0;-41.56921938165305;0.0018407501097345562
2216;47.5;-42.43524478543749;0.001080914367639302
2217;46.0;-43.301270189221924;9.954206121975895e-05
2218;44.5;-44.167295593006365;0.0020553565144610696
2219;43.0;-45.033320996790806;0.0014351291793187294
2220;41.5;-45.89934640057524;5.47904100308295e-05
2221;40.0;-46.76537180435968;0.002279044241534687
2222;38.5;-47.63139720814412;0.0018343801392888225
2223;37.0;-48.497422611928556;2.3655106838454634e-05
2224;35.5;-49.363448015713;0.0025115039380840566
2225;34.0;-50.22947341949744;0.002275137290463838
2226;32.5;-51.09549882328187;5.692388558495014e-06
2227;31.0;-51.96152422706631;0.002753116079775345
2228;29.5;-52.827549630850754;0.0027531160797753446
2229;74.5;-25.114736709748726;0.0007876013457126921
2230;73.0;-25.98076211353316;0.0009345646378726518
2231;71.5;-26.8467875173176;2.5278864778045686e-05
2232;70.0;-27.712812921102042;0.0006512503511349236
2233;68.5;-28.578838324886476;0.0010925949795626238
2234;67.0;-29.444863728670917;0.00010154833703708621
2235;65.5;-30.310889132455358;0.000526327457806317
2236;64.0;-31.176914536239792;0.0012627155279027126
2237;62.5;-32.04293994002423;0.00022952448114246397
2238;61.0;-32.908965343808674;0.0004139150418047035
2239;59.5;-33.77499074759311;0.0014452755215019983
2240;58.0;-34.64101615137755;0.000409481722344681
2241;56.5;-35.50704155516199;0.0003146555000387847
2242;55.0;-36.373066958946424;0.0016398061456333593
2243;53.5;-37.239092362730865;0.0006410692952685022
2244;52.0;-38.105117766515306;0.00022885501567417458
2245;50.5;-38.97114317029974;0.0018453466627782013
2246;49.0;-39.83716857408418;0.0009232955712634276
2247;47.5;-40.70319397786862;0.00015670494828153676
2248;46.0;-41.569219381653056;0.0020607465966683224
2249;44.5;-42.4352447854375;0.0012544609394250872
2250;43.0;-43.30127018922194;9.836017471565141e-05
2251;41.5;-44.16729559300637;0.002284913486777852
2252;40.0;-45.03332099679081;0.0016320561120300365
2253;38.5;-45.899346400575254;5.388473398443107e-05
2254;37.0;-46.76537180435969;0.002517057639872557
2255;35.5;-47.63139720814413;0.0020526911595256324
2256;34.0;-48.49742261192857;2.3119484577483964e-05
2257;32.5;-49.363448015713004;0.0027569505792224423
2258;31.0;-50.229473419497445;0.0025120944979512274
2259;29.5;-51.095498823281886;5.5194247311052075e-06
2260;28.0;-51.96152422706632;0.003005176511061671
2261;26.5;-52.82754963085076;0.003005176511061671
2262;74.5;-23.382685902179844;0.000935218596113484
2263;73.0;-24.248711305964278;6.335831984765798e-06
2264;71.5;-25.11473670974872;0.000787001223277526
2265;70.0;-25.98076211353316;0.0010943757987878625
2266;68.5;-26.846787517317594;5.717997283077362e-05
2267;67.0;-27.712812921102035;0.0006498767577720096
2268;65.5;-28.578838324886476;0.0012652106688798394
2269;64.0;-29.44486372867091;0.00015946568351342047
2270;62.5;-30.31088913245535;0.0005247185776758407
2271;61.0;-31.176914536239792;0.0014483201706347341
2272;59.5;-32.042939940024226;0.000313711394121009
2273;58.0;-32.90896534380867;0.0004122881390001725
2274;56.5;-33.77499074759311;0.0016435349305953632
2275;55.0;-34.64101615137754;0.0005199313365656367
2276;53.5;-35.50704155516198;0.000313025159169015
2277;52.0;-36.373066958946424;0.0018500203848353177
2278;50.5;-37.23909236273086;0.0007775123548238862
2279;49.0;-38.1051177665153;0.00022721310950708762
2280;47.5;-38.97114317029974;0.0020665542205574538
2281;46.0;-39.837168574084174;0.0010851216160740408
2282;44.5;-40.703193977868615;0.00015510865885254286
2283;43.0;-41.569219381653056;0.002291788967589201
2284;41.5;-42.43524478543749;0.0014405792117289597
2285;40.0;-43.30127018922193;9.693989076028159e-05
2286;38.5;-44.16729559300637;0.0025245117882146968
2287;37.0;-45.033320996790806;0.001840744446628241
2288;35.5;-45.89934640057525;5.280040360282344e-05
2289;34.0;-46.76537180435969;0.0027639227947537513
2290;32.5;-47.63139720814412;0.002281471431964951
2291;31.0;-48.49742261192856;2.2485813094268973e-05
2292;29.5;-49.363448015713004;0.0030099180324860454
2293;28.0;-50.22947341949744;0.0027576544785152756
2294;26.5;-51.09549882328188;5.318170847620427e-06
2295;25.0;-51.96152422706632;0.0032633348853033065
2296;23.5;-52.827549630850754;0.003263334885303306
2297;73.0;-22.516660498395396;0.0009352185961134843
2298;71.5;-23.382685902179837;0.0010955075104838077
2299;70.0;-24.248711305964278;2.5451113911616912e-05
2300;68.5;-25.114736709748712;0.0007860420531443068
2301;67.0;-25.980762113533153;0.0012672308147643552
2302;65.5;-26.846787517317594;0.00010212123292072895
2303;64.0;-27.712812921102028;0.0006484303135133559
2304;62.5;-28.57883832488647;0.0014510208158768309
2305;61.0;-29.44486372867091;0.00023060034042833295
2306;59.5;-30.310889132455344;0.0005230950495030768
2307;58.0;-31.176914536239785;0.0016469937731656145
2308;56.5;-32.042939940024226;0.00041120910105175914
2309;55.0;-32.90896534380866;0.00041055849302043285
2310;53.5;-33.7749907475931;0.001854529278991747
2311;52.0;-34.64101615137754;0.0006437246277948041
2312;50.5;-35.507041555161976;0.00031117434148023634
2313;49.0;-36.37306695894642;0.0020724384841145855
2314;47.5;-37.23909236273086;0.0009272300953379533
2315;46.0;-38.10511776651529;0.00022526755275414893
2316;44.5;-38.97114317029973;0.0022992120870367555
2317;43.0;-39.837168574084174;0.0012599544649891255
2318;41.5;-40.70319397786861;0.00015318506613714913
2319;40.0;-41.56921938165305;0.002533285904705007
2320;38.5;-42.43524478543749;0.0016391123632756824
2321;37.0;-43.301270189221924;9.522963605905942e-05
2322;35.5;-44.167295593006365;0.002773335232323804
2323;34.0;-45.033320996790806;0.0020608037612666807
2324;32.5;-45.89934640057524;5.150856758569329e-05
2325;31.0;-46.76537180435968;0.0030185901670604126
2326;29.5;-47.63139720814412;0.0025200176175705327
2327;28.0;-48.497422611928556;2.1743035665512988e-05
2328;26.5;-49.363448015713;0.0032691312364402183
2329;25.0;-50.22947341949744;0.0030107389718577503
2330;23.5;-51.09549882328187;5.0868521001573235e-06
2331;22.0;-51.96152422706631;0.003526104502949176
2332;20.5;-52.827549630850754;0.0035261045029491758
2333;73.0;-20.78460969082652;0.0010960144672339182
2334;71.5;-21.650635094610962;6.37443977234073e-06
2335;70.0;-22.516660498395403;0.0009347503057871735
2336;68.5;-23.382685902179837;0.0012686843949924562
2337;67.0;-24.248711305964278;5.748906952398228e-05
2338;65.5;-25.11473670974872;0.0007848979862037174
2339;64.0;-25.980762113533153;0.001453251503856149
2340;62.5;-26.846787517317594;0.00016020575183668526
2341;61.0;-27.712812921102035;0.0006469405505210486
2342;59.5;-28.57883832488647;0.001650029625332083
2343;58.0;-29.44486372867091;0.000315037132715974
2344;56.5;-30.31088913245535;0.0005213863336165796
2345;55.0;-31.17691453623979;0.001858659807262698
2346;53.5;-32.042939940024226;0.0005221194828060867
2347;52.0;-32.90896534380866;0.0004086184083775251
2348;50.5;-33.77499074759311;0.002078087122858531
2349;49.0;-34.64101615137754;0.0007809736891019319
2350;47.5;-35.507041555161976;0.00030899088076058174
2351;46.0;-36.373066958946424;0.002306745415476156
2352;44.5;-37.23909236273086;0.0010902988570818202
2353;43.0;-38.10511776651529;0.0002229176259390017
2354;41.5;-38.97114317029974;0.0025428080477229156
2355;40.0;-39.837168574084174;0.0014477620151215178
2356;38.5;-40.70319397786861;0.00015085465771838007
2357;37.0;-41.56921938165305;0.0027844874773425843
2358;35.5;-42.43524478543749;0.0018498322090004912
2359;34.0;-43.301270189221924;9.317634238891943e-05
2360;32.5;-44.167295593006365;0.003030377631849643
2361;31.0;-45.033320996790806;0.002291720619166743
2362;29.5;-45.89934640057524;4.9981774970793316e-05
2363;28.0;-46.76537180435968;0.003279802050986178
2364;26.5;-47.63139720814412;0.0027674557571555286
2365;25.0;-48.497422611928556;2.0882193264050685e-05
2366;23.5;-49.363448015713;0.003533102303662204
2367;22.0;-50.22947341949744;0.0032700670278172387
2368;20.5;-51.09549882328187;4.824662366305058e-06
2369;19.0;-51.96152422706631;0.003791791302813721
2370;17.5;-52.827549630850754;0.0037917913028137204
2371;71.5;-19.918584287042087;0.0010960144672339184
2372;70.0;-20.784609690826528;0.001269559217899033
2373;68.5;-21.650635094610962;2.55751505731864e-05
2374;67.0;-22.516660498395403;0.0009339996702990025
2375;65.5;-23.382685902179844;0.0014549313877577465
2376;64.0;-24.248711305964278;0.00010256690405690377
2377;62.5;-25.11473670974872;0.0007836642586227328
2378;61.0;-25.98076211353316;0.0016525237248790734
2379;59.5;-26.846787517317594;0.00023153332072841273
2380;58.0;-27.712812921102035;0.0006453803730505121
2381;56.5;-28.578838324886476;0.0018622351863139435
2382;55.0;-29.444863728670914;0.00041289173010745857
2383;53.5;-30.31088913245535;0.0005194953013983874
2384;52.0;-31.17691453623979;0.0020832262628015913
2385;50.5;-32.042939940024226;0.0006465863155050429
2386;49.0;-32.90896534380867;0.00040634412951414035
2387;47.5;-33.77499074759311;0.002313983827460878
2388;46.0;-34.64101615137754;0.000931821372875574
2389;44.5;-35.50704155516198;0.0003063494158341824
2390;43.0;-36.373066958946424;0.0025525244219072206
2391;41.5;-37.23909236273086;0.001266796716056301
2392;40.0;-38.1051177665153;0.0002200527669880165
2393;38.5;-38.97114317029974;0.0027966797649443048
2394;37.0;-39.837168574084174;0.0016484698843296688
2395;35.5;-40.703193977868615;0.00014803320846144518
2396;34.0;-41.569219381653056;0.003044453391812235
2397;32.5;-42.43524478543749;0.0020724142036673493
2398;31.0;-43.30127018922193;9.07273320529654e-05
2399;29.5;-44.16729559300637;0.0032944165857412442
2400;28.0;-45.033320996790806;0.0025328300309983448
2401;26.5;-45.89934640057525;4.819589777092674e-05
2402;25.0;-46.76537180435969;0.003546076229423886
2403;23.5;-47.63139720814412;0.0030227163840621583
2404;22.0;-48.49742261192856;1.9897568295977178e-05
2405;20.5;-49.363448015713004;0.00380012685272739
2406;19.0;-50.22947341949744;0.003534142881453339
2407;17.5;-51.09549882328188;4.532066968545119e-06
2408;16.0;-51.96152422706632;0.004058503858111193
2409;14.5;-52.827549630850754;0.004058503858111191
2410;71.5;-18.186533479473212;0.001269927484943618
2411;70.0;-19.052558883257653;6.400559587705677e-06
2412;68.5;-19.918584287042087;0.001095672346707067
2413;67.0;-20.784609690826528;0.0014560428690876294
2414;65.5;-21.65063509461097;5.771017913515218e-05
2415;64.0;-22.516660498395403;0.0009331095107757065
2416;62.5;-23.382685902179844;0.0016544046384213405
2417;61.0;-24.248711305964285;0.00016079176465067874
2418;59.5;-25.11473670974872;0.0007823698928071726
2419;58.0;-25.98076211353316;0.0018651251571427197
2420;56.5;-26.8467875173176;0.00031622645067516436
2421;55.0;-27.71281292110204;0.000643680840535801
2422;53.5;-28.578838324886476;0.0020876312418852986
2423;52.0;-29.444863728670914;0.000524325908357826
2424;50.5;-30.310889132455355;0.0005172990739883346
2425;49.0;-31.176914536239792;0.0023205677179903386
2426;47.5;-32.042939940024226;0.0007848005537363804
2427;46.0;-32.908965343808674;0.00040359178019203453
2428;44.5;-33.77499074759311;0.002561912964237326
2429;43.0;-34.64101615137754;0.001096437851499762
2430;41.5;-35.50704155516199;0.00030310848517497166
2431;40.0;-36.373066958946424;0.0028092224868824555
2432;38.5;-37.23909236273086;0.0014567903651374317
2433;37.0;-38.1051177665153;0.00021655242671166178
2434;35.5;-38.97114317029974;0.003059978634615848
2435;34.0;-39.837168574084174;0.0018619383605279077
2436;32.5;-40.703193977868615;0.00014463385968978282
2437;31.0;-41.569219381653056;0.0033120206934302977
2438;29.5;-42.43524478543749;0.0023064072003396515
2439;28.0;-43.30127018922193;8.783326032376451e-05
2440;26.5;-44.16729559300637;0.0035639908473036486
2441;25.0;-45.033320996790806;0.0027832844865828634
2442;23.5;-45.89934640057525;4.613257830691157e-05
2443;22.0;-46.76537180435969;0.0038156975421691033
2444;20.5;-47.63139720814412;0.00328451216773467
2445;19.0;-48.49742261192856;1.878793606511681e-05
2446;17.5;-49.363448015713004;0.00406829185796188
2447;16.0;-50.22947341949744;0.0038012524157629867
2448;14.5;-51.09549882328188;4.21107445521786e-06
2449;13.0;-51.96152422706632;0.004324177449369834
2450;11.5;-52.827549630850754;0.004324177449369832
2451;70.0;-17.32050807568877;0.0012699274849436182
2452;68.5;-18.186533479473205;0.0014566416218287288
2453;67.0;-19.052558883257646;2.5654558088656565e-05
2454;65.5;-19.918584287042087;0.0010951530630234358
2455;64.0;-20.78460969082652;0.0016556613306493583
2456;62.5;-21.650635094610962;0.00010287998762437714
2457;61.0;-22.516660498395403;0.0009321661406716478
2458;59.5;-23.382685902179837;0.0018672566556925104
2459;58.0;-24.248711305964278;0.00023228471122665965
2460;56.5;-25.11473670974872;0.0007809903933866145
2461;55.0;-25.980762113533157;0.002091138008162935
2462;53.5;-26.846787517317594;0.0004144520925408403
2463;52.0;-27.71281292110203;0.0006417359081070715
2464;50.5;-28.578838324886473;0.0023261976066964968
2465;49.0;-29.44486372867091;0.0006495597008625024
2466;47.5;-30.310889132455348;0.0005146459811474102
2467;46.0;-31.17691453623979;0.0025705003511837772
2468;44.5;-32.042939940024226;0.0009370032155761009
2469;43.0;-32.90896534380866;0.00040019342001933715
2470;41.5;-33.77499074759311;0.0028214515817956945
2471;40.0;-34.64101615137754;0.0012750131873781312
2472;38.5;-35.507041555161976;0.0002991091416044712
2473;37.0;-36.37306695894642;0.003076110574130631
2474;35.5;-37.23909236273086;0.001660315967075999
2475;34.0;-38.10511776651529;0.00021228777562598382
2476;32.5;-38.97114317029973;0.003331631007957974
2477;31.0;-39.837168574084174;0.002087932556213461
2478;29.5;-40.70319397786861;0.00014057084001968455
2479;28.0;-41.56921938165305;0.003585773188889911
2480;26.5;-42.43524478543749;0.0025511980565833636
2481;25.0;-43.301270189221924;8.445212524314113e-05
2482;23.5;-44.167295593006365;0.00383738456866021
2483;22.0;-45.033320996790806;0.003042022181783248
2484;20.5;-45.89934640057524;4.378207755310309e-05
2485;19.0;-46.76537180435968;0.0040867209495957625
2486;17.5;-47.63139720814412;0.003551321004461809
2487;16.0;-48.497422611928556;1.7557790941772138e-05
2488;14.5;-49.363448015713;0.00433549810179375
2489;13.0;-50.22947341949744;0.004069471463802245
2490;11.5;-51.09549882328187;3.865427377533981e-06
2491;10.0;-51.96152422706631;0.004586614289692489
2492;8.5;-52.827549630850754;0.004586614289692487
2493;70.0;-15.588457268119896;0.0014568527425785742
2494;68.5;-16.45448267190433;6.414561428002665e-06
2495;67.0;-17.32050807568877;0.0012697303736832993
2496;65.5;-18.186533479473212;0.001656352363148194
2497;64.0;-19.052558883257646;5.7839252387022956e-05
2498;62.5;-19.918584287042087;0.0010945911758664401
2499;61.0;-20.784609690826528;0.0018686239825324764
2500;59.5;-21.650635094610962;0.00016119317960551258
2501;58.0;-22.516660498395403;0.0009312004790063339
2502;56.5;-23.382685902179844;0.0020936542810118973
2503;55.0;-24.24871130596428;0.0003172054234734376
2504;53.5;-25.11473670974872;0.0007794538498405713
2505;52.0;-25.980762113533157;0.002330649148396629
2506;50.5;-26.846787517317598;0.0005264404555568324
2507;49.0;-27.712812921102035;0.0006394010412503668
2508;47.5;-28.578838324886473;0.0025778814519872356
2509;46.0;-29.444863728670914;0.0007888813412709835
2510;44.5;-30.31088913245535;0.0005113509589271955
2511;43.0;-31.17691453623979;0.0028327493389021102
2512;41.5;-32.042939940024226;0.0011034849443660596
2513;40.0;-32.90896534380867;0.00039595404291287785
2514;38.5;-33.77499074759311;0.003092018427552537
2515;37.0;-34.64101615137754;0.0014677441152503815
2516;35.5;-35.50704155516198;0.00029417555182735213
2517;34.0;-36.373066958946424;0.0033522388005281034
2518;32.5;-37.23909236273086;0.001877352230295038
2519;31.0;-38.1051177665153;0.0002071256220028224
2520;29.5;-38.97114317029974;0.0036102985811931007
2521;28.0;-39.837168574084174;0.0023260849402751385
2522;26.5;-40.703193977868615;0.0001357649810521585
2523;25.0;-41.569219381653056;0.0038640158925444994
2524;23.5;-42.43524478543749;0.002805971883704631
2525;22.0;-43.30127018922193;8.055424397166914e-05
2526;20.5;-44.16729559300637;0.004112622479226364
2527;19.0;-45.033320996790806;0.0033077369979977638
2528;17.5;-45.89934640057525;4.114628944372144e-05
2529;16.0;-46.76537180435969;0.004356989842839578
2530;14.5;-47.63139720814412;0.003821378159583787
2531;13.0;-48.49742261192856;1.6218362383966882e-05
2532;11.5;-49.363448015713;0.004599499763463243
2533;10.0;-50.22947341949744;0.004336689115358543
2534;8.5;-51.09549882328188;3.500656905225008e-06
2535;7.0;-51.96152422706631;0.00484354077783688
2536;5.5;-52.827549630850754;0.00484354077783688
2537;68.5;-14.722431864335455;0.0014568527425785746
2538;67.0;-15.588457268119896;0.001656607123069531
2539;65.5;-16.454482671904337;2.5686272340291172e-05
2540;64.0;-17.32050807568877;0.0012695073378088595
2541;62.5;-18.186533479473212;0.0018692962384795739
2542;61.0;-19.052558883257653;0.000103037772914245
2543;59.5;-19.918584287042087;0.0010940767656610175
2544;58.0;-20.784609690826528;0.0020951692549207638
2545;56.5;-21.65063509461097;0.0002327895122176447
2546;55.0;-22.516660498395407;0.0009301905800491482
2547;53.5;-23.382685902179844;0.0023337872716308905
2548;52.0;-24.24871130596428;0.0004157760347045383
2549;50.5;-25.114736709748723;0.0007776407243979214
2550;49.0;-25.98076211353316;0.0025837397863206647
2551;47.5;-26.846787517317598;0.0006525020667231112
2552;46.0;-27.71281292110204;0.0006364883973233268
2553;44.5;-28.578838324886476;0.002842569541845559
2554;43.0;-29.444863728670914;0.0009426547244304081
2555;41.5;-30.310889132455355;0.0005071907609648843
2556;40.0;-31.176914536239792;0.003106907463644227
2557;38.5;-32.042939940024226;0.001284580576479828
2558;37.0;-32.90896534380867;0.00039065027673960696
2559;35.5;-33.77499074759311;0.0033728245089719388
2560;34.0;-34.64101615137754;0.0016748128094159
2561;32.5;-35.50704155516198;0.0002881181926673012
2562;31.0;-36.373066958946424;0.0036363875947875005
2563;29.5;-37.23909236273086;0.002107783926360839
2564;28.0;-38.1051177665153;0.00020093494063055378
2565;26.5;-38.97114317029974;0.0038943409688375796
2566;25.0;-39.837168574084174;0.002575849950631177
2567;23.5;-40.703193977868615;0.00013015106482037266
2568;22.0;-41.569219381653056;0.004144758921049708
2569;20.5;-42.43524478543749;0.0030696697575119903
2570;19.0;-43.30127018922193;7.612791312602942e-05
2571;17.5;-44.16729559300637;0.004387480604160381
2572;16.0;-45.033320996790806;0.003578853872456696
2573;14.5;-45.89934640057525;3.8241554817204754e-05
2574;13.0;-46.76537180435969;0.004624173028086803
2575;11.5;-47.63139720814412;0.004092681562566698
2576;10.0;-48.49742261192856;1.4788196994953456e-05
2577;8.5;-49.363448015713004;0.004857962506387014
2578;7.0;-50.22947341949744;0.004600648593198404
2579;5.5;-51.09549882328188;3.1239511466270882e-06
2580;4.0;-51.96152422706632;0.00509268086476861
2581;2.5;-52.827549630850754;0.00509268086476861
2582;68.5;-12.990381056766573;0.0016566168614897362
2583;67.0;-13.856406460551014;6.415167426923064e-06
2584;65.5;-14.722431864335455;0.0014568436101716027
2585;64.0;-15.588457268119889;0.0018694194364059261
2586;62.5;-16.45448267190433;5.786092489586806e-05
2587;61.0;-17.32050807568877;0.0012694058144211574
2588;59.5;-18.186533479473205;0.0020957602483970684
2589;58.0;-19.052558883257646;0.00016135713519661597
2590;56.5;-19.918584287042087;0.0010936497694459652
2591;55.0;-20.784609690826525;0.0023355779170676173
2592;53.5;-21.650635094610962;0.0003178658003324174
2593;52.0;-22.5166604983954;0.0009290606548169146
2594;50.5;-23.38268590217984;0.0025878671075881686
2595;49.0;-24.248711305964278;0.0005283043833836341
2596;47.5;-25.114736709748716;0.0007753789779098941
2597;46.0;-25.980762113533157;0.0028504651519248854
2598;44.5;-26.846787517317594;0.0007930433828360781
2599;43.0;-27.71281292110203;0.0006327603039811101
2600;41.5;-28.578838324886473;0.0031200502474581573
2601;40.0;-29.44486372867091;0.0011113231566186716
2602;38.5;-30.310889132455348;0.0005019000591748725
2603;37.0;-31.176914536239785;0.0033923835808542142
2604;35.5;-32.042939940024226;0.0014806563171651465
2605;34.0;-32.90896534380866;0.00038403168070596844
2606;32.5;-33.7749907475931;0.0036628160335949725
2607;31.0;-34.64101615137754;0.0018963550132143111
2608;29.5;-35.507041555161976;0.00028074038204431906
2609;28.0;-36.37306695894642;0.003927017161496672
2610;26.5;-37.23909236273086;0.0023513542745922486
2611;25.0;-38.10511776651529;0.00019359634014149644
2612;23.5;-38.97114317029973;0.004181784951570218
2613;22.0;-39.837168574084174;0.0028364513308764706
2614;20.5;-40.70319397786861;0.0001236868045660255
2615;19.0;-41.56921938165305;0.004425716320232466
2616;17.5;-42.43524478543749;0.00334094708451695
2617;16.0;-43.301270189221924;7.118522605560993e-05
2618;14.5;-44.167295593006365;0.004659517224933726
2619;13.0;-45.033320996790806;0.0038535143047817126
2620;11.5;-45.89934640057524;3.510078335224427e-05
2621;10.0;-46.76537180435968;0.004885822790373927
2622;8.5;-47.63139720814412;0.00436301444754935
2623;7.0;-48.497422611928556;1.3293075561826425e-05
2624;5.5;-49.363448015713;0.00510853956355072
2625;4.0;-50.22947341949744;0.004859007004572283
2626;2.5;-51.09549882328187;2.743805981825647e-06
2627;1.0;-51.96152422706631;0.005331842336928587
2628;67.0;-12.124355652982139;0.0016566168614897364
2629;65.5;-12.99038105676658;0.0018692113152547446
2630;64.0;-13.856406460551014;2.5661881748469158e-05
2631;62.5;-14.722431864335455;0.001457027346523781
2632;61.0;-15.588457268119896;0.002095594565060207
2633;59.5;-16.45448267190433;0.00010300103824488711
2634;58.0;-17.32050807568877;0.001269534766363372
2635;56.5;-18.186533479473212;0.002336095730391702
2636;55.0;-19.05255888325765;0.000232953009264287
2637;53.5;-19.918584287042087;0.0010932954818660158
2638;52.0;-20.784609690826525;0.002590179930639851
2639;50.5;-21.650635094610966;0.0004167033898996258
2640;49.0;-22.516660498395403;0.0009276757034823499
2641;47.5;-23.38268590217984;0.002856115995280909
2642;46.0;-24.24871130596428;0.0006552071502724548
2643;44.5;-25.11473670974872;0.0007724360159288846
2644;43.0;-25.980762113533157;0.0031308231579394957
2645;41.5;-26.846787517317598;0.0009485803620083554
2646;40.0;-27.712812921102035;0.0006279223142353584
2647;38.5;-28.578838324886473;0.003409963410384625
2648;37.0;-29.44486372867091;0.0012954072115982122
2649;35.5;-30.31088913245535;0.0004951695812548705
2650;34.0;-31.17691453623979;0.0036883398032430343
2651;32.5;-32.042939940024226;0.0016920863466983037
2652;31.0;-32.90896534380867;0.0003758257587042078
2653;29.5;-33.77499074759311;0.0039606108849096315
2654;28.0;-34.64101615137754;0.0021324146505916487
2655;26.5;-35.50704155516198;0.00027184892169259534
2656;25.0;-36.373066958946424;0.004222219298849389
2657;23.5;-37.23909236273086;0.0026076052490948015
2658;22.0;-38.1051177665153;0.0001850145631652412
2659;20.5;-38.97114317029974;0.004470306539415214
2660;19.0;-39.837168574084174;0.0031068243135198383
2661;17.5;-40.703193977868615;0.00011636289358459415
2662;16.0;-41.569219381653056;0.004704326048675464
2663;14.5;-42.43524478543749;0.0036181375006818133
2664;13.0;-43.30127018922193;6.576724304356483e-05
2665;11.5;-44.167295593006365;0.004926128133665309
2666;10.0;-45.033320996790806;0.004129577652640039
2667;8.5;-45.89934640057525;3.1774313240406755e-05
2668;7.0;-46.76537180435968;0.005139454558927024
2669;5.5;-47.63139720814412;0.004629988960535408
2670;4.0;-48.49742261192856;1.1765078068083775e-05
2671;2.5;-49.363448015713;0.005348962825930776
2672;1.0;-50.22947341949744;0.005109413287403489
2673;67.0;-10.392304845413264;0.0018689485932636514
2674;65.5;-11.258330249197705;6.39978496284036e-06
2675;64.0;-12.124355652982139;0.0016568642102489425
2676;62.5;-12.99038105676658;0.0020949251872276467
2677;61.0;-13.856406460551021;5.7749742434281824e-05
2678;59.5;-14.722431864335455;0.001457585595356701
2679;58.0;-15.588457268119896;0.0023355261916382956
2680;56.5;-16.454482671904337;0.00016120747793776685
2681;55.0;-17.320508075688775;0.001269954682575465
2682;53.5;-18.186533479473212;0.0025907307747631233
2683;52.0;-19.05255888325765;0.0003180587875173157
2684;50.5;-19.91858428704209;0.0010929376542110289
2685;49.0;-20.784609690826528;0.0028593533474681973
2686;47.5;-21.650635094610966;0.0005296972421738161
2687;46.0;-22.516660498395407;0.0009258321269347104
2688;44.5;-23.382685902179844;0.0031387450639584094
2689;43.0;-24.24871130596428;0.0007970328931623978
2690;41.5;-25.114736709748723;0.0007685086250961068
2691;40.0;-25.98076211353316;0.0034247097761559517
2692;38.5;-26.846787517317598;0.0011197483980309735
2693;37.0;-27.712812921102035;0.0006216170981392898
2694;35.5;-28.578838324886476;0.0037117357314233267
2695;34.0;-29.444863728670914;0.0014954934089958167
2696;32.5;-30.31088913245535;0.0004866477290428188
2697;31.0;-31.176914536239792;0.0039936169677923855
2698;29.5;-32.042939940024226;0.0019192148784019957
2699;28.0;-32.90896534380867;0.00036574802070427217
2700;26.5;-33.77499074759311;0.004264431549779247
2701;25.0;-34.64101615137754;0.002382882116833881
2702;23.5;-35.50704155516198;0.0002612694946503368
2703;22.0;-36.373066958946424;0.004519677827917886
2704;20.5;-37.23909236273086;0.0028758061518874174
2705;19.0;-38.1051177665153;0.00017513366557041972
2706;17.5;-38.97114317029974;0.004757233587659765
2707;16.0;-39.837168574084174;0.003385556877311841
2708;14.5;-40.703193977868615;0.00010821307382968457
2709;13.0;-41.569219381653056;0.004977797385985691
2710;11.5;-42.43524478543749;0.003899228995561973
2711;10.0;-43.30127018922193;5.994746289876408e-05
2712;8.5;-44.16729559300637;0.005184628533519474
2713;7.0;-45.033320996790806;0.004404644234710218
2714;5.5;-45.89934640057525;2.8328957721061555e-05
2715;4.0;-46.76537180435969;0.005382645914434966
2716;2.5;-47.63139720814412;0.004891112872513794
2717;1.0;-48.49742261192856;1.0240717858074001e-05
2718;65.5;-9.526279441628823;0.0018689485932636516
2719;64.0;-10.392304845413257;0.0020940798949632467
2720;62.5;-11.258330249197698;2.556840261978191e-05
2721;61.0;-12.124355652982139;0.0016576161086697065
2722;59.5;-12.990381056766573;0.0023341611430401574
2723;58.0;-13.856406460551014;0.00010271452962628946
2724;56.5;-14.722431864335455;0.001458664334852565
2725;55.0;-15.588457268119893;0.002589712209101709
2726;53.5;-16.45448267190433;0.00023264764911913791
2727;52.0;-17.320508075688767;0.001270667988225641
2728;50.5;-18.18653347947321;0.0028601781034344473
2729;49.0;-19.052558883257646;0.00041701827765802885
2730;47.5;-19.918584287042084;0.0010924278454680517
2731;46.0;-20.784609690826525;0.0031435139492000303
2732;44.5;-21.650635094610962;0.0006573869874956096
2733;43.0;-22.5166604983954;0.000923244888955404
2734;41.5;-23.38268590217984;0.003435919405466363
2735;40.0;-24.248711305964278;0.000954484216749076
2736;38.5;-25.114736709748716;0.0007632120082778283
2737;37.0;-25.980762113533153;0.003731857833022463
2738;35.5;-26.846787517317594;0.0013073057718196114
2739;34.0;-27.71281292110203;0.0006134207546270034
2740;32.5;-28.57883832488647;0.004024499395854394
2741;31.0;-29.44486372867091;0.0017122091180619802
2742;29.5;-30.310889132455348;0.0004759475456581733
2743;28.0;-31.176914536239785;0.004306649395991789
2744;26.5;-32.042939940024226;0.0021622990182652365
2745;25.0;-32.90896534380866;0.00035351851722756323
2746;23.5;-33.7749907475931;0.0045720399806338475
2747;22.0;-34.64101615137754;0.00264741416648155
2748;20.5;-35.507041555161976;0.00024886704588486275
2749;19.0;-36.37306695894642;0.0048166464618136905
2750;17.5;-37.23909236273086;0.0031548729978707808
2751;16.0;-38.10511776651529;0.00016395382754448915
2752;14.5;-38.97114317029973;0.00503957782872001
2753;13.0;-39.837168574084174;0.003670836999884178
2754;11.5;-40.70319397786861;9.932264224909792e-05
2755;10.0;-41.56921938165305;0.005243190905347669
2756;8.5;-42.43524478543749;0.004181860539571547
2757;7.0;-43.301270189221924;5.3832421702699604e-05
2758;5.5;-44.167295593006365;0.005432360973759254
2759;4.0;-45.033320996790806;0.004676105648305663
2760;2.5;-45.89934640057524;2.484485332405312e-05
2761;1.0;-46.76537180435968;0.005613149182782042
2762;65.5;-7.794228634059948;0.0020934448252720767
2763;64.0;-8.660254037844382;6.364722346926019e-06
2764;62.5;-9.526279441628823;0.0018695486484954615
2765;61.0;-10.392304845413264;0.002332387551204152
2766;59.5;-11.258330249197698;5.747105274308377e-05
2767;58.0;-12.124355652982139;0.0016591113478546169
2768;56.5;-12.99038105676658;0.002587452528437684
2769;55.0;-13.856406460551018;0.0001606440625329764
2770;53.5;-14.722431864335455;0.0014603610932540068
2771;52.0;-15.588457268119893;0.0028587695672606496
2772;50.5;-16.454482671904334;0.0003175891981500357
2773;49.0;-17.32050807568877;0.001271607108488389
2774;47.5;-18.18653347947321;0.0031450366003843927
2775;46.0;-19.05255888325765;0.0005303223890782034
2776;44.5;-19.918584287042087;0.0010915305255283841
2777;43.0;-20.784609690826525;0.0034430933763116324
2778;41.5;-21.650635094610966;0.0008004900565649773
2779;40.0;-22.516660498395403;0.00091953182230179
2780;38.5;-23.38268590217984;0.003747706100064773
2781;37.0;-24.248711305964278;0.001128437185076069
2782;35.5;-25.11473670974872;0.0007560693185542479
2783;34.0;-25.980762113533157;0.004051755118478838
2784;32.5;-26.846787517317594;0.0015121261225683627
2785;31.0;-27.712812921102035;0.000602843736976795
2786;29.5;-28.578838324886473;0.004346992365179986
2787;28.0;-29.44486372867091;0.001946177600738674
2788;26.5;-30.31088913245535;0.00046266133805921583
2789;25.0;-31.17691453623979;0.004625372470939561
2790;23.5;-32.042939940024226;0.0024214275436176273
2791;22.0;-32.90896534380867;0.000338886082980264
2792;20.5;-33.77499074759311;0.004880683333112418
2793;19.0;-34.64101615137754;0.0029253351054714183
2794;17.5;-35.50704155516198;0.00023457056604419207
2795;16.0;-36.373066958946424;0.005109955516687271
2796;14.5;-37.23909236273086;0.0034432845705078203
2797;13.0;-38.1051177665153;0.00015154783800643492
2798;11.5;-38.97114317029973;0.005314105201774506
2799;10.0;-39.837168574084174;0.003960415841554361
2800;8.5;-40.703193977868615;8.983336331767395e-05
2801;7.0;-41.56921938165305;0.00549753336578014
2802;5.5;-42.43524478543749;0.004463348261022281
2803;4.0;-43.30127018922193;4.755836155184605e-05
2804;2.5;-44.167295593006365;0.005666824490532456
2805;1.0;-45.033320996790806;0.0049412256796673
2806;64.0;-6.928203230275507;0.0020934448252720767
2807;62.5;-7.794228634059948;0.0023306705019743535
2808;61.0;-8.660254037844389;2.5388908625535467e-05
2809;59.5;-9.526279441628823;0.0018710865198602715
2810;58.0;-10.392304845413264;0.0025844030180240366
2811;56.5;-11.258330249197705;0.0001021076605992022
2812;55.0;-12.124355652982143;0.0016615548882912884
2813;53.5;-12.99038105676658;0.0028554828951041287
2814;52.0;-13.856406460551018;0.00023171072781808105
2815;50.5;-14.722431864335459;0.0014627117893087703
2816;49.0;-15.588457268119896;0.0031434465619169065
2817;47.5;-16.454482671904334;0.00041643941379742813
2818;46.0;-17.320508075688775;0.001272618484115319
2819;44.5;-18.186533479473212;0.0034459844817214488
2820;43.0;-19.05255888325765;0.0006586506103954799
2821;41.5;-19.91858428704209;0.0010899036496664577
2822;40.0;-20.784609690826528;0.0037585018767310754
2823;38.5;-21.650635094610966;0.0009599362931892634
2824;37.0;-22.516660498395403;0.0009141958855732078
2825;35.5;-23.382685902179844;0.00407399973545832
2826;34.0;-24.24871130596428;0.0013199544098573906
2827;32.5;-25.11473670974872;0.0007465037874860352
2828;31.0;-25.98076211353316;0.0043835373222997935
2829;29.5;-26.846787517317598;0.0017351732710523518
2830;28.0;-27.712812921102035;0.000589339419600685
2831;26.5;-28.578838324886476;0.00467744062089955
2832;25.0;-29.444863728670914;0.0021979456501553607
2833;23.5;-30.31088913245535;0.000446385534702006
2834;22.0;-31.176914536239792;0.004947130494011543
2835;20.5;-32.042939940024226;0.0026964114525700974
2836;19.0;-32.90896534380867;0.00032166083979828065
2837;17.5;-33.77499074759311;0.005187063724206639
2838;16.0;-34.64101615137754;0.0032155223493970163
2839;14.5;-35.50704155516198;0.0002184004226815173
2840;13.0;-36.373066958946424;0.005396060737498113
2841;11.5;-37.23909236273086;0.003739005425535767
2842;10.0;-38.1051177665153;0.00013807429955417809
2843;8.5;-38.97114317029974;0.005577451456716068
2844;7.0;-39.837168574084174;0.004251599511643683
2845;5.5;-40.703193977868615;7.994259628948555e-05
2846;4.0;-41.569219381653056;0.005737965119410489
2847;2.5;-42.43524478543749;0.004740749400654432
2848;1.0;-43.30127018922193;4.1283367165174164e-05
2849;64.0;-5.196152422706632;0.002329532586577139
2850;62.5;-6.062177826491073;6.3053893089013764e-06
2851;61.0;-6.928203230275514;0.002094523546557774
2852;59.5;-7.794228634059948;0.002581118122700905
2853;58.0;-8.660254037844389;5.6982088217556616e-05
2854;56.5;-9.52627944162883;0.0018738834951351
2855;55.0;-10.392304845413268;0.002850834821593984
2856;53.5;-11.258330249197705;0.0001595430397024101
2857;52.0;-12.124355652982143;0.0016651038320122308
2858;50.5;-12.990381056766584;0.0031391066684879
2859;49.0;-13.856406460551021;0.00031621076138066325
2860;47.5;-14.722431864335459;0.001465674744935188
2861;46.0;-15.5884572681199;0.003444631015087778
2862;44.5;-16.454482671904337;0.000529791510992292
2863;43.0;-17.320508075688775;0.0012734412055882096
2864;41.5;-18.186533479473216;0.0037637608115868044
2865;40.0;-19.052558883257653;0.0008029180386688769
2866;38.5;-19.91858428704209;0.0010870745352178338
2867;37.0;-20.784609690826528;0.004090069613422789
2868;35.5;-21.65063509461097;0.0011369021530978564
2869;34.0;-22.516660498395407;0.0009066067913479649
2870;32.5;-23.382685902179844;0.004414418264403411
2871;31.0;-24.248711305964285;0.001530285769404143
2872;29.5;-25.114736709748723;0.0007338366886455973
2873;28.0;-25.98076211353316;0.004725851830503618
2874;26.5;-26.8467875173176;0.0019774490342296972
2875;25.0;-27.71281292110204;0.0005723242626440855
2876;23.5;-28.578838324886476;0.0050134262814522795
2877;22.0;-29.444863728670917;0.0024678753386633847
2878;20.5;-30.310889132455355;0.00042675817154537004
2879;19.0;-31.176914536239792;0.005268597899526052
2880;17.5;-32.04293994002423;0.0029866446166702033
2881;16.0;-32.908965343808674;0.00030175408587077
2882;14.5;-33.77499074759311;0.005487349537606201
2883;13.0;-34.64101615137755;0.0035162847667626652
2884;11.5;-35.50704155516198;0.00020049468556771906
2885;10.0;-36.373066958946424;0.005671147554584739
2886;8.5;-37.239092362730865;0.004039431215370955
2887;7.0;-38.1051177665153;0.0001237838068112396
2888;5.5;-38.97114317029974;0.005826285344903385
2889;4.0;-39.83716857408418;0.0045412834336103014
2890;2.5;-40.703193977868615;6.98948145292861e-05
2891;1.0;-41.569219381653056;0.005961910995888461
2892;62.5;-4.330127018922191;0.0023295325865771398
2893;61.0;-5.196152422706632;0.002578231126500005
2894;59.5;-6.062177826491066;2.510330793907608e-05
2895;58.0;-6.928203230275507;0.0020971257498046784
2896;56.5;-7.794228634059948;0.0028454792417660683
2897;55.0;-8.660254037844386;0.00010109614135042019
2898;53.5;-9.526279441628823;0.001878230073328371
2899;52.0;-10.39230484541326;0.0031325946238886723
2900;50.5;-11.258330249197702;0.00022994394744581693
2901;49.0;-12.124355652982139;0.001669852477039261
2902;47.5;-12.990381056766577;0.0034393702578180575
2903;46.0;-13.856406460551018;0.00041461156026012503
2904;44.5;-14.722431864335455;0.0014691096588045909
2905;43.0;-15.588457268119893;0.003763352161977119
2906;41.5;-16.454482671904334;0.0006584796674286475
2907;40.0;-17.32050807568877;0.001273678923323933
2908;38.5;-18.18653347947321;0.004099129812662128
2909;37.0;-19.052558883257646;0.0009643281602604101
2910;35.5;-19.918584287042087;0.0010824112149702898
2911;34.0;-20.784609690826525;0.004437957675601004
2912;32.5;-21.650635094610962;0.0013328403645637113
2913;31.0;-22.516660498395403;0.0008959846318137368
2914;29.5;-23.38268590217984;0.004768160690423906
2915;28.0;-24.248711305964278;0.0017608471538094774
2916;26.5;-25.11473670974872;0.0007172959839784467
2917;25.0;-25.980762113533157;0.005076690652159532
2918;23.5;-26.846787517317594;0.002239901696285155
2919;22.0;-27.712812921102035;0.0005512142717412336
2920;20.5;-28.578838324886473;0.005351751701278037
2921;19.0;-29.44486372867091;0.0027559918691700035
2922;17.5;-30.31088913245535;0.00040351032467502937
2923;16.0;-31.17691453623979;0.005585734080398546
2924;14.5;-32.042939940024226;0.003290938084835977
2925;13.0;-32.90896534380867;0.0002792223613407356
2926;11.5;-33.7749907475931;0.005777249125157435
2927;10.0;-34.64101615137754;0.0038252496789841907
2928;8.5;-35.50704155516198;0.00018112904362458217
2929;7.0;-36.37306695894642;0.005931300815394928
2930;5.5;-37.23909236273086;0.004341376369005298
2931;4.0;-38.1051177665153;0.0001090141874376537
2932;2.5;-38.97114317029973;0.006057513771380384
2933;1.0;-39.837168574084174;0.004826041917273623
2934;62.5;-2.598076211353316;0.0025764288218875996
2935;61.0;-3.464101615137757;6.2165589511597044e-06
2936;59.5;-4.330127018922191;0.002331246375915829
2937;58.0;-5.196152422706632;0.002840176081053199
2938;56.5;-6.062177826491073;5.623375366165671e-05
2939;55.0;-6.9282032302755105;0.0021016830491611335
2940;53.5;-7.794228634059948;0.003124672994833453
2941;52.0;-8.660254037844386;0.00015775919487458532
2942;50.5;-9.526279441628827;0.001884372871903546
2943;49.0;-10.392304845413264;0.0034308275661726643
2944;47.5;-11.258330249197702;0.0003136242007684704
2945;46.0;-12.124355652982143;0.0016758139192447645
2946;44.5;-12.99038105676658;0.0037575329430641
2947;43.0;-13.856406460551018;0.0005276095354040986
2948;41.5;-14.722431864335459;0.001472749153414556
2949;40.0;-15.588457268119896;0.004100772293576149
2950;38.5;-16.454482671904334;0.0008036450561977117
2951;37.0;-17.32050807568877;0.001272763624437271
2952;35.5;-18.186533479473212;0.004452819028200333
2953;34.0;-19.05255888325765;0.0011444302001911387
2954;32.5;-19.918584287042087;0.0010750903301988382
2955;31.0;-20.784609690826528;0.004802026588949865
2956;29.5;-21.650635094610966;0.0015494972577835987
2957;28.0;-22.516660498395403;0.00088139014226439
2958;26.5;-23.382685902179844;0.005133817777135622
2959;25.0;-24.24871130596428;0.00201316281092383
2960;23.5;-25.11473670974872;0.0006960424482058831
2961;22.0;-25.98076211353316;0.00543319596232826
2962;20.5;-26.846787517317598;0.0025232802708336794
2963;19.0;-27.712812921102035;0.000525482466941918
2964;17.5;-28.578838324886476;0.005688319080820911
2965;16.0;-29.444863728670914;0.0030617828849572415
2966;14.5;-30.31088913245535;0.0003765303235368941
2967;13.0;-31.176914536239792;0.005893799903746529
2968;11.5;-32.042939940024226;0.0036073405027528117
2969;10.0;-32.90896534380867;0.0002543092896788581
2970;8.5;-33.77499074759311;0.006052167930121704
2971;7.0;-34.64101615137754;0.004139283230679293
2972;5.5;-35.50704155516198;0.00016072350189326202
2973;4.0;-36.373066958946424;0.006172741918810901
2974;2.5;-37.23909236273086;0.004641126416718935
2975;1.0;-38.1051177665153;9.417184989541933e-05
2976;61.0;-1.732050807568882;0.0025764288218876
2977;59.5;-2.598076211353316;0.0028357581751003794
2978;58.0;-3.464101615137757;2.4689520341232453e-05
2979;56.5;-4.330127018922198;0.002335252213626167
2980;55.0;-5.196152422706636;0.003116247990903555
2981;53.5;-6.062177826491073;9.958537785529031e-05
2982;52.0;-6.9282032302755105;0.002108602976314553
2983;50.5;-7.794228634059952;0.0034198811486724537
2984;49.0;-8.660254037844389;0.0002271165350659965
2985;47.5;-9.526279441628827;0.001892500622406171
2986;46.0;-10.392304845413268;0.003746947973514702
2987;44.5;-11.258330249197705;0.0004111004641703798
2988;43.0;-12.124355652982143;0.0016828952576868304
2989;41.5;-12.990381056766584;0.0040950860039087695
2990;40.0;-13.856406460551021;0.0006562022535258773
2991;38.5;-14.722431864335459;0.0014761600017543894
2992;37.0;-15.588457268119896;0.004458161032136963
2993;35.5;-16.454482671904337;0.0009668150047766816
2994;34.0;-17.320508075688775;0.0012699100662441872
2995;32.5;-18.186533479473212;0.004825417562032942
2996;31.0;-19.052558883257653;0.0013451770545808998
2997;29.5;-19.91858428704209;0.0010640644626927081
2998;28.0;-20.784609690826528;0.005181646584375731
2999;26.5;-21.65063509461097;0.0017889041970305312
3000;25.0;-22.516660498395407;0.0008617292606553164
3001;23.5;-23.382685902179844;0.005509129191229669
3002;22.0;-24.248711305964285;0.002288750942040563
3003;20.5;-25.114736709748723;0.0006692219339563757
3004;19.0;-25.98076211353316;0.005791451610039247
3005;17.5;-26.8467875173176;0.0028279191562803757
3006;16.0;-27.71281292110204;0.0004947404977290171
3007;14.5;-28.578838324886476;0.006018057854061324
3008;13.0;-29.444863728670917;0.0033839528487325824
3009;11.5;-30.310889132455355;0.0003459352500571315
3010;10.0;-31.176914536239792;0.006187470228553727
3011;8.5;-32.04293994002423;0.0039329701123728385
3012;7.0;-32.90896534380867;0.00022747529279263314
3013;5.5;-33.77499074759311;0.006307464235165904
3014;4.0;-34.64101615137755;0.004454476993240809
3015;2.5;-35.50704155516198;0.0001398289865161318
3016;1.0;-36.373066958946424;0.006392121444514554
3017;61.0;0.0;0.0028331012259924233
3018;59.5;-0.8660254037844339;6.092751502105865e-06
3019;58.0;-1.732050807568875;0.002578962586191948
3020;56.5;-2.598076211353316;0.0031083236798600854
3021;55.0;-3.4641016151377535;5.517362414521951e-05
3022;53.5;-4.330127018922191;0.0023421214392537653
3023;52.0;-5.1961524227066285;0.003407607533561968
3024;50.5;-6.0621778264910695;0.00015513174254595363
3025;49.0;-6.928203230275507;0.002118260171099286
3026;47.5;-7.7942286340599445;0.0037325924938902844
3027;46.0;-8.660254037844386;0.0003094807836010149
3028;44.5;-9.526279441628823;0.001902726461109546
3029;43.0;-10.39230484541326;0.004082681618409237
3030;41.5;-11.258330249197702;0.0005231631059836403
3031;40.0;-12.124355652982139;0.0016908626215208801
3032;38.5;-12.990381056766577;0.004453766432120918
3033;37.0;-13.856406460551014;0.0008017798430480694
3034;35.5;-14.722431864335455;0.0014786904721411968
3035;34.0;-15.588457268119893;0.0048368399461098605
3036;32.5;-16.45448267190433;0.0011499963423087405
3037;31.0;-17.32050807568877;0.0012640605758594185
3038;29.5;-18.18653347947321;0.005217214073774427
3039;28.0;-19.052558883257646;0.0015689746030759025
3040;26.5;-19.918584287042087;0.0010480351449616053
3041;25.0;-20.784609690826525;0.005575431240433551
3042;23.5;-21.650635094610962;0.002053320978180504
3043;22.0;-22.516660498395403;0.0008357836725906761
3044;20.5;-23.38268590217984;0.005890687660277144
3045;19.0;-24.248711305964278;0.002588926145089654
3046;17.5;-25.11473670974872;0.0006360532548894698
3047;16.0;-25.980762113533157;0.0061462902028689695
3048;14.5;-26.846787517317594;0.0031534420355433614
3049;13.0;-27.712812921102035;0.0004588432088146415
3050;11.5;-28.578838324886473;0.006334946762131442
3051;10.0;-29.44486372867091;0.0037201514319050136
3052;8.5;-30.31088913245535;0.00031213809148238655
3053;7.0;-31.17691453623979;0.006461077323435481
3054;5.5;-32.042939940024226;0.004263899687741789
3055;4.0;-32.90896534380867;0.00019940272306387624
3056;2.5;-33.7749907475931;0.00653880395062033
3057;1.0;-34.64101615137754;0.004766237235987885
3058;59.5;0.866025403784441;0.0028331012259924225
3059;58.0;0.0;0.003101959133101455
3060;56.5;-0.866025403784441;2.41252590466455e-05
3061;55.0;-1.7320508075688785;0.0025847661329781646
3062;53.5;-2.598076211353316;0.0033952169648404696
3063;52.0;-3.4641016151377535;9.747654611545589e-05
3064;50.5;-4.3301270189221945;0.002352414460248458
3065;49.0;-5.196152422706632;0.0037157418068397867
3066;47.5;-6.0621778264910695;0.0002229743089582057
3067;46.0;-6.9282032302755105;0.0021309876930834227
3068;44.5;-7.794228634059948;0.004064660264743443
3069;43.0;-8.660254037844386;0.0004053954848861775
3070;41.5;-9.526279441628827;0.0019150627665060545
3071;40.0;-10.392304845413264;0.004440115165211878
3072;38.5;-11.258330249197702;0.0006509687472859164
3073;37.0;-12.124355652982139;0.0016992908588977938
3074;35.5;-12.99038105676658;0.004835557504770066
3075;34.0;-13.856406460551018;0.0009662416905296338
3076;32.5;-14.722431864335455;0.0014793996842519443
3077;31.0;-15.588457268119896;0.005238077092312068
3078;29.5;-16.454482671904334;0.0013557809973978674
3079;28.0;-17.32050807568877;0.0012538223157224184
3080;26.5;-18.186533479473212;0.005627946020103485
3081;25.0;-19.05255888325765;0.0018187040582838623
3082;23.5;-19.918584287042087;0.0010254433062721429
3083;22.0;-20.784609690826528;0.0059808767927495695
3084;20.5;-21.650635094610966;0.0023450973511008515
3085;19.0;-22.516660498395403;0.0008022835407980904
3086;17.5;-23.382685902179844;0.006273606490317889
3087;16.0;-24.24871130596428;0.002914488746082341
3088;14.5;-25.11473670974872;0.0005959591336409431
3089;13.0;-25.98076211353316;0.0064911689080632586
3090;11.5;-26.846787517317598;0.0034983871252349244
3091;10.0;-27.712812921102035;0.0004180067678894592
3092;8.5;-28.578838324886476;0.006632189856458002
3093;7.0;-29.444863728670914;0.00406671846495376
3094;5.5;-30.31088913245535;0.0002758920715746742
3095;4.0;-31.17691453623979;0.006709009238351413
3096;2.5;-32.042939940024226;0.004595150444692225
3097;1.0;-32.90896534380867;0.00017096431387067013
3098;59.5;2.5980762113533196;0.003098235158817576
3099;58.0;1.7320508075688785;5.928777949892352e-06
3100;56.5;0.8660254037844375;0.00283666234507499
3101;55.0;0.0;0.0033839901037441005
3102;53.5;-0.8660254037844375;5.375056825802719e-05
3103;52.0;-1.732050807568875;0.0025945792344439092
3104;50.5;-2.598076211353316;0.00369786017982689
3105;49.0;-3.4641016151377535;0.00015149518700143604
3106;47.5;-4.330127018922191;0.0023666810970133217
3107;46.0;-5.196152422706632;0.0040425271582346
3108;44.5;-6.0621778264910695;0.00030339538978968483
3109;43.0;-6.928203230275507;0.0021470656181894416
3110;41.5;-7.794228634059948;0.004418377186256584
3111;40.0;-8.660254037844386;0.0005157188739278099
3112;38.5;-9.526279441628823;0.0019293831850118036
3113;37.0;-10.39230484541326;0.004821751633361004
3114;35.5;-11.258330249197702;0.0007961639871913372
3115;34.0;-12.124355652982139;0.0017074907427364143
3116;32.5;-12.990381056766577;0.005242661191970994
3117;31.0;-13.856406460551018;0.0011521447863552237
3118;29.5;-14.722431864335455;0.0014769650311438173
3119;28.0;-15.588457268119894;0.005662898761555178
3120;26.5;-16.45448267190433;0.0015874551469961006
3121;25.0;-17.32050807568877;0.0012374042194156847
3122;23.5;-18.186533479473212;0.0060564229782527285
3123;22.0;-19.052558883257646;0.0020976839431565072
3124;20.5;-19.918584287042087;0.0009944971522986641
3125;19.0;-20.784609690826525;0.0063938981147210455
3126;17.5;-21.650635094610962;0.0026664049639014867
3127;16.0;-22.516660498395403;0.0007600418974671742
3128;14.5;-23.38268590217984;0.006651195593938892
3129;13.0;-24.248711305964278;0.0032652753904626086
3130;11.5;-25.11473670974872;0.000548740113261224
3131;10.0;-25.980762113533157;0.006818195875201503
3132;8.5;-26.846787517317594;0.0038597832256428138
3133;7.0;-27.712812921102035;0.00037291874738454924
3134;5.5;-28.578838324886473;0.006902607415906489
3135;4.0;-29.44486372867091;0.004418517850410954
3136;2.5;-30.31088913245535;0.000238288900858183
3137;1.0;-31.17691453623979;0.00692625883011539
3138;58.0;3.4641016151377535;0.003098235158817576
3139;56.5;2.5980762113533125;0.003375226647542514
3140;55.0;1.732050807568875;2.339051974783864e-05
3141;53.5;0.8660254037844375;0.002844696742976008
3142;52.0;0.0;0.0036805063025044365
3143;50.5;-0.866025403784441;9.46760926743034e-05
3144;49.0;-1.7320508075688785;0.0026091530664653652
3145;47.5;-2.598076211353316;0.00401806486178648
3146;46.0;-3.464101615137757;0.00021725760292477545
3147;44.5;-4.3301270189221945;0.0023854638066199956
3148;43.0;-5.196152422706632;0.0043903158916431
3149;41.5;-6.062177826491073;0.0003969267045473109
3150;40.0;-6.9282032302755105;0.0021667028291203153
3151;38.5;-7.794228634059948;0.0047965735832782375
3152;37.0;-8.660254037844386;0.000641738357598707
3153;35.5;-9.526279441628827;0.0019453637999643
3154;34.0;-10.392304845413264;0.005230566637408696
3155;32.5;-11.258330249197702;0.0009610534107165188
3156;31.0;-12.124355652982143;0.001714404000924763
3157;29.5;-12.99038105676658;0.005677414583700728
3158;28.0;-13.85640646055102;0.0013628883362766801
3159;26.5;-14.722431864335457;0.0014695658381485457
3160;25.0;-15.588457268119896;0.006111768014683131
3161;23.5;-16.454482671904337;0.0018490894967361387
3162;22.0;-17.32050807568877;0.0012125704860340772
3163;20.5;-18.186533479473212;0.0064999814635928466
3164;19.0;-19.05255888325765;0.0024095152706795956
3165;17.5;-19.918584287042087;0.0009532681264669353
3166;16.0;-20.784609690826528;0.006808277088572341
3167;14.5;-21.650635094610966;0.003018780180014971
3168;13.0;-22.516660498395403;0.0007081684936368778
3169;11.5;-23.382685902179844;0.007014736474149626
3170;10.0;-24.24871130596428;0.003639566656068133
3171;8.5;-25.11473670974872;0.000494775356345684
3172;7.0;-25.98076211353316;0.007118415033314807
3173;5.5;-26.846787517317598;0.004232751010483383
3174;4.0;-27.712812921102035;0.00032480459882890036
3175;2.5;-28.578838324886476;0.007139281478790289
3176;1.0;-29.444863728670914;0.004768960376985651
3177;58.0;5.196152422706632;0.003370213173370024
3178;56.5;4.330127018922191;5.720441754593993e-06
3179;55.0;3.4641016151377535;0.0031030421598998727
3180;53.5;2.598076211353316;0.003665252756925884
3181;52.0;1.7320508075688785;5.19211383008386e-05
3182;50.5;0.8660254037844375;0.0028581366956879762
3183;49.0;0.0;0.003993191978228709
3184;47.5;-0.8660254037844375;0.0001466966357485146
3185;46.0;-1.7320508075688785;0.0026292660108032384
3186;44.5;-2.598076211353316;0.00435811619237968
3187;43.0;-3.4641016151377535;0.0002949744312924148
3188;41.5;-4.3301270189221945;0.00240930180509851
3189;40.0;-5.196152422706632;0.004762056953817383
3190;38.5;-6.0621778264910695;0.0005044427688829908
3191;37.0;-6.928203230275507;0.0021900056742625625
3192;35.5;-7.794228634059948;0.005202744364660153
3193;34.0;-8.660254037844386;0.0007853318688623214
3194;32.5;-9.526279441628823;0.0019623910509602017
3195;31.0;-10.392304845413264;0.0056700515414643445
3196;29.5;-11.258330249197702;0.0011488291750909206
3197;28.0;-12.12435565298214;0.001718453820729555
3198;26.5;-12.990381056766578;0.00614210066999115
3199;25.0;-13.856406460551018;0.0016029324254602864
3200;23.5;-14.722431864335457;0.0014547480033826924
3201;22.0;-15.588457268119894;0.006584056549787802
3202;20.5;-16.454482671904334;0.002145562481013803
3203;19.0;-17.32050807568877;0.0011766440642842532
3204;17.5;-18.186533479473212;0.006953735223372253
3205;16.0;-19.05255888325765;0.0027577221773526007
3206;14.5;-19.918584287042087;0.0008998959393501818
3207;13.0;-20.784609690826528;0.007215091157424701
3208;11.5;-21.650635094610966;0.003402418916682092
3209;10.0;-22.516660498395403;0.0006463678943836438
3210;8.5;-23.382685902179844;0.007353506251945762
3211;7.0;-24.24871130596428;0.004033398293590134
3212;5.5;-25.11473670974872;0.00043520881830460287
3213;4.0;-25.980762113533157;0.007382462041312476
3214;2.5;-26.846787517317598;0.004610263171174585
3215;1.0;-27.712812921102035;0.00027540564604554746
3216;56.5;6.0621778264910695;0.003370213173370025
3217;55.0;5.196152422706632;0.0036536320714316665
3218;53.5;4.3301270189221945;2.247068394309856e-05
3219;52.0;3.464101615137757;0.0031137522350669754
3220;50.5;2.598076211353316;0.003969836442481182
3221;49.0;1.7320508075688785;9.110881947166016e-05
3222;47.5;0.866025403784441;0.0028779592091606712
3223;46.0;0.0;0.004324174115354548
3224;44.5;-0.8660254037844375;0.0002097307533283557
3225;43.0;-1.732050807568875;0.0026557475841472353
3226;41.5;-2.598076211353316;0.004720894474032356
3227;40.0;-3.4641016151377535;0.0003851063381543191
3228;38.5;-4.330127018922191;0.0024387332555358934
3229;37.0;-5.1961524227066285;0.00516146487485253
3230;35.5;-6.0621778264910695;0.0006272940602254827
3231;34.0;-6.928203230275507;0.0022169230728256296
3232;32.5;-7.7942286340599445;0.005641209537664284
3233;31.0;-8.660254037844386;0.000949200807035248
3234;29.5;-9.526279441628823;0.0019794172225109964
3235;28.0;-10.392304845413262;0.006144212083678645
3236;26.5;-11.2583302491977;0.0013638830243389583
3237;25.0;-12.124355652982139;0.0017173372765284917
3238;23.5;-12.990381056766578;0.006638567823616295
3239;22.0;-13.856406460551016;0.0018780303832799682
3240;20.5;-14.722431864335455;0.0014292899800099114
3241;19.0;-15.588457268119893;0.007077212211590885
3242;17.5;-16.45448267190433;0.002482423268224978
3243;16.0;-17.32050807568877;0.0011266184033432744
3244;14.5;-18.18653347947321;0.007409621027022565
3245;13.0;-19.052558883257646;0.0031450662213888146
3246;11.5;-19.918584287042087;0.0008329459329690345
3247;10.0;-20.784609690826525;0.007602280945372705
3248;8.5;-21.650635094610962;0.003815198568388324
3249;7.0;-22.516660498395403;0.0005752943166184749
3250;5.5;-23.38268590217984;0.007655258621284722
3251;4.0;-24.248711305964278;0.004439913477032165
3252;2.5;-25.11473670974872;0.0003720492852800738
3253;1.0;-25.980762113533157;0.007601659793322036
3254;56.5;7.7942286340599445;0.003647114296012189
3255;55.0;6.928203230275507;5.465335767085869e-06
3256;53.5;6.0621778264910695;0.003376478752189799
3257;52.0;5.196152422706632;0.003949846112038806
3258;50.5;4.330127018922191;4.9657326671852806e-05
3259;49.0;3.4641016151377535;0.0031315039830448533
3260;47.5;2.598076211353316;0.004290896718085811
3261;46.0;1.732050807568875;0.00014061981130035836
3262;44.5;0.8660254037844375;0.002905224052451061
3263;43.0;0.0;0.004676127223045645
3264;41.5;-0.866025403784441;0.00028386414438352477
3265;40.0;-1.7320508075688785;0.0026895111840399316
3266;38.5;-2.598076211353316;0.005110051435157975
3267;37.0;-3.4641016151377535;0.0004884582471308869
3268;35.5;-4.3301270189221945;0.002474290847680795
3269;34.0;-5.196152422706632;0.005593257400045193
3270;32.5;-6.0621778264910695;0.0007675044523760892
3271;31.0;-6.9282032302755105;0.002247150131612253
3272;29.5;-7.794228634059948;0.006117307438464446
3273;28.0;-8.660254037844387;0.0011372121208355357
3274;26.5;-9.526279441628825;0.001994734331051386
3275;25.0;-10.392304845413264;0.006657456116037559
3276;23.5;-11.258330249197703;0.0016122206410390425
3277;22.0;-12.12435565298214;0.0017077506160190264
3278;20.5;-12.99038105676658;0.007167516636639536
3279;19.0;-13.856406460551018;0.0021954131088878035
3280;17.5;-14.722431864335457;0.001389122428056445
3281;16.0;-15.588457268119896;0.007585513837135889
3282;14.5;-16.454482671904334;0.0028654307814572123
3283;13.0;-17.32050807568877;0.001059465843439233
3284;11.5;-18.186533479473212;0.007855334846089143
3285;10.0;-19.05255888325765;0.0035723960218886474
3286;8.5;-19.918584287042087;0.0007519406266395703
3287;7.0;-20.784609690826528;0.007954647307058511
3288;5.5;-21.650635094610966;0.004251501072983208
3289;4.0;-22.516660498395403;0.000496879722531865
3290;2.5;-23.382685902179844;0.007907384370717158
3291;1.0;-24.24871130596428;0.004849018693599746
3292;55.0;8.660254037844386;0.0036471142960121895
3293;53.5;7.794228634059948;0.003934946090188526
3294;52.0;6.9282032302755105;2.135985925673888e-05
3295;50.5;6.0621778264910695;0.0033902820277747926
3296;49.0;5.196152422706632;0.004260554592333255
3297;47.5;4.3301270189221945;8.67334831261202e-05
3298;46.0;3.4641016151377535;0.003157524602349246
3299;44.5;2.598076211353316;0.004630826692001936
3300;43.0;1.7320508075688785;0.00020022384127803207
3301;41.5;0.8660254037844375;0.0029411279196677725
3302;40.0;0.0;0.0050524282576722805
3303;38.5;-0.8660254037844375;0.0003694060086055227
3304;37.0;-1.732050807568875;0.0027315974004347757
3305;35.5;-2.598076211353316;0.005530268865503486
3306;34.0;-3.4641016151377535;0.0006063183980799047
3307;32.5;-4.330127018922191;0.002516482062231872
3308;31.0;-5.196152422706632;0.006063490921575163
3309;29.5;-6.0621778264910695;0.0009280739055219565
3310;28.0;-6.928203230275509;0.002279958632119508
3311;26.5;-7.794228634059946;0.006637603389387553
3312;25.0;-8.660254037844386;0.0013549053829412093
3313;23.5;-9.526279441628825;0.0020056242387636496
3314;22.0;-10.392304845413262;0.007214236847262842
3315;20.5;-11.258330249197702;0.0019019825003148806
3316;19.0;-12.124355652982139;0.0016850584096943844
3317;17.5;-12.990381056766578;0.007727236040558899
3318;16.0;-13.856406460551018;0.0025637782468015164
3319;14.5;-14.722431864335455;0.0013294110492610544
3320;13.0;-15.588457268119894;0.00809834556032425
3321;11.5;-16.454482671904334;0.0032995111350741695
3322;10.0;-17.32050807568877;0.0009727509522594415
3323;8.5;-18.186533479473212;0.00827344504814379
3324;7.0;-19.05255888325765;0.004036943250952334
3325;5.5;-19.918584287042087;0.0006580192303249376
3326;4.0;-20.784609690826525;0.008254707570873331
3327;2.5;-21.650635094610966;0.0047011074169474795
3328;1.0;-22.516660498395403;0.0004144828793797157
3329;55.0;10.39230484541326;0.003926739180813538
3330;53.5;9.526279441628823;5.163602598815193e-06
3331;52.0;8.660254037844386;0.003655023755866593
3332;50.5;7.7942286340599445;0.00423520663900602
3333;49.0;6.928203230275507;4.6954520355240394e-05
3334;47.5;6.0621778264910695;0.0034129649889465207
3335;46.0;5.1961524227066285;0.004587849824190226
3336;44.5;4.330127018922191;0.0001332134477465754
3337;43.0;3.4641016151377535;0.0031931952848268763
3338;41.5;2.5980762113533125;0.004992611204473154
3339;40.0;1.732050807568875;0.0002698215344164285
3340;38.5;0.8660254037844375;0.0029870804663103346
3341;37.0;0.0;0.0054573867318944945
3342;35.5;-0.866025403784441;0.00046696796813737164
3343;34.0;-1.7320508075688785;0.002783230974668275
3344;32.5;-2.598076211353316;0.005987644171670837
3345;31.0;-3.464101615137757;0.0007406736120245081
3346;29.5;-4.3301270189221945;0.002565736654132621
3347;28.0;-5.196152422706634;0.006580033647599906
3348;26.5;-6.062177826491071;0.0011134564050249143
3349;25.0;-6.9282032302755105;0.0023138980319011926
3350;23.5;-7.79422863405995;0.007210053419572368
3351;22.0;-8.660254037844387;0.0016102433114824257
3352;20.5;-9.526279441628827;0.0020078309435501464
3353;19.0;-10.392304845413264;0.007818193833859375
3354;17.5;-11.258330249197703;0.0022440199788123917
3355;16.0;-12.124355652982143;0.0016429735899592519
3356;14.5;-12.99038105676658;0.008311490537339367
3357;13.0;-13.85640646055102;0.00299277783439254
3358;11.5;-14.722431864335459;0.0012449974381408564
3359;10.0;-15.588457268119896;0.008598091141898962
3360;8.5;-16.454482671904337;0.0037867946026882006
3361;7.0;-17.320508075688775;0.000865627186981655
3362;5.5;-18.186533479473212;0.008641280285101294
3363;4.0;-19.05255888325765;0.0045301785892074755
3364;2.5;-19.91858428704209;0.0005545469174041376
3365;1.0;-20.784609690826528;0.00848488620986254
3366;53.5;11.258330249197702;0.003926739180813539
3367;52.0;10.392304845413264;0.004216691270812518
3368;50.5;9.526279441628823;2.0063795001777874e-05
3369;49.0;8.660254037844386;0.003672263340413953
3370;47.5;7.794228634059948;0.00454971015758421
3371;46.0;6.928203230275507;8.15580993884243e-05
3372;44.5;6.0621778264910695;0.0034460088685839656
3373;43.0;5.196152422706632;0.004934293860344871
3374;41.5;4.330127018922191;0.00018868220991920959
3375;40.0;3.4641016151377535;0.0032401422968052766
3376;38.5;2.598076211353316;0.005380001441807727
3377;37.0;1.7320508075688785;0.0003494769750859288
3378;35.5;0.8660254037844375;0.003044813014515441
3379;34.0;0.0;0.0058965913707101116
3380;32.5;-0.8660254037844375;0.0005775817298641707
3381;31.0;-1.7320508075688785;0.002845895919678191
3382;29.5;-2.598076211353316;0.006490277513076761
3383;28.0;-3.4641016151377553;0.0008945577014077636
3384;26.5;-4.330127018922193;0.0026222847737868834
3385;25.0;-5.196152422706632;0.007153225503382907
3386;23.5;-6.062177826491071;0.001330334386234426
3387;22.0;-6.928203230275509;0.0023462673708639177
3388;20.5;-7.794228634059948;0.007843957834853026
3389;19.0;-8.660254037844386;0.0019147008336414368
3390;17.5;-9.526279441628825;0.0019948064665920415
3391;16.0;-10.392304845413264;0.008470320538462675
3392;14.5;-11.258330249197702;0.002652325573821631
3393;13.0;-12.12435565298214;0.0015734425491003936
3394;11.5;-12.99038105676658;0.008906249869400952
3395;10.0;-13.856406460551018;0.0034914400217875047
3396;8.5;-14.722431864335457;0.0011314803290165042
3397;7.0;-15.588457268119896;0.009058170390755606
3398;5.5;-16.454482671904334;0.004323440962467017
3399;4.0;-17.32050807568877;0.0007401451563059916
3400;2.5;-18.186533479473212;0.008932557894228166
3401;1.0;-19.05255888325765;0.005035802779741725
3402;53.5;12.99038105676658;0.00420666429662893
3403;52.0;12.124355652982143;4.818480260672466e-06
3404;50.5;11.258330249197702;0.003936427000604071
3405;49.0;10.392304845413264;0.004518557212960891
3406;47.5;9.526279441628827;4.383779784643317e-05
3407;46.0;8.660254037844386;0.0037003530737882416
3408;44.5;7.794228634059948;0.004880626356951393
3409;43.0;6.9282032302755105;0.00012451800854823452
3410;41.5;6.0621778264910695;0.003491127659516828
3411;40.0;5.196152422706632;0.00530303343001876
3412;38.5;4.3301270189221945;0.000252799880584943
3413;37.0;3.464101615137757;0.0033003659238996616
3414;35.5;2.598076211353316;0.005797773903241668
3415;34.0;1.7320508075688785;0.0004394595390228751
3416;32.5;0.866025403784441;0.003116539564464245
3417;31.0;0.0;0.006377444840107708
3418;29.5;-0.8660254037844375;0.0007028843756629772
3419;28.0;-1.7320508075688767;0.0029214340614275077
3420;26.5;-2.5980762113533142;0.0070491891516780494
3421;25.0;-3.4641016151377535;0.0010726411256044709
3422;23.5;-4.330127018922193;0.0026858868977424188
3423;22.0;-5.19615242270663;0.0077967650002183295
3424;20.5;-6.0621778264910695;0.0015888999619349405
3425;19.0;-6.928203230275507;0.002372188053706305
3426;17.5;-7.794228634059946;0.008549296865937177
3427;16.0;-8.660254037844386;0.0022847588856650344
3428;14.5;-9.526279441628823;0.001956752284339462
3429;13.0;-10.392304845413262;0.009165367631820118
3430;11.5;-11.258330249197702;0.003143764582623345
3431;10.0;-12.124355652982139;0.001467169295183627
3432;8.5;-12.990381056766578;0.009485212279874717
3433;7.0;-13.856406460551018;0.004064645261313823
3434;5.5;-14.722431864335455;0.0009872069973775764
3435;4.0;-15.588457268119894;0.00944253913503122
3436;2.5;-16.454482671904334;0.004895397802400517
3437;1.0;-17.32050807568877;0.0006024614850356881
3438;52.0;13.85640646055102;0.004206664296628931
3439;50.5;12.990381056766578;0.004496226372965668
3440;49.0;12.12435565298214;1.860158020165543e-05
3441;47.5;11.258330249197703;0.003957323284099294
3442;46.0;10.392304845413262;0.004834180501026285
3443;44.5;9.526279441628825;7.565074639804588e-05
3444;43.0;8.660254037844387;0.0037410026046564952
3445;41.5;7.794228634059946;0.005230543974624723
3446;40.0;6.928203230275509;0.00017521114008169607
3447;38.5;6.062177826491071;0.0035503954752126587
3448;37.0;5.196152422706634;0.005697966637153832
3449;35.5;4.330127018922193;0.0003252996602097157
3450;34.0;3.4641016151377553;0.0033764291520305936
3451;32.5;2.598076211353318;0.006252118564193327
3452;31.0;1.7320508075688767;0.000540300440609383
3453;29.5;0.8660254037844393;0.0032052063882219628
3454;28.0;0.0;0.006910016473196466
3455;26.5;-0.8660254037844375;0.0008454263882461482
3456;25.0;-1.7320508075688767;0.003012169216791862
3457;23.5;-2.598076211353316;0.007679793835660668
3458;22.0;-3.4641016151377535;0.0012822766048697816
3459;20.5;-4.330127018922193;0.0027552423187579365
3460;19.0;-5.19615242270663;0.0085287829655766
3461;17.5;-6.0621778264910695;0.0019049992399597486
3462;16.0;-6.928203230275509;0.0023830126808645556
3463;14.5;-7.794228634059947;0.009334508926723646
3464;13.0;-8.660254037844386;0.0027436716875650123
3465;11.5;-9.526279441628823;0.001879730334704352
3466;10.0;-10.392304845413262;0.00988535861394704
3467;8.5;-11.258330249197702;0.0037358371236879224
3468;7.0;-12.124355652982139;0.0013155535027248267
3469;5.5;-12.990381056766578;0.010005026679044902
3470;4.0;-13.856406460551018;0.004706684425481088
3471;2.5;-14.722431864335455;0.0008160991129048216
3472;1.0;-15.588457268119894;0.00970906107556857
3473;52.0;15.588457268119896;0.004484323800264335
3474;50.5;14.722431864335455;4.436462304234495e-06
3475;49.0;13.856406460551018;0.004218192739047543
3476;47.5;12.99038105676658;0.004797026594440242
3477;46.0;12.124355652982139;4.0364559152795004e-05
3478;44.5;11.258330249197702;0.003991075615797526
3479;43.0;10.392304845413264;0.0051656855957727295
3480;41.5;9.526279441628823;0.00011468199737810984
3481;40.0;8.660254037844386;0.003796227288486285
3482;38.5;7.794228634059948;0.00560256234933541
3483;37.0;6.9282032302755105;0.00023302239548194913
3484;35.5;6.0621778264910695;0.0036264250086470258
3485;34.0;5.196152422706632;0.006123981396860033
3486;32.5;4.3301270189221945;0.00040597503812883965
3487;31.0;3.4641016151377535;0.00347174517662581
3488;29.5;2.598076211353316;0.006751231955266561
3489;28.0;1.7320508075688767;0.0006528709005366246
3490;26.5;0.8660254037844393;0.003314900237416088
3491;25.0;0.0;0.007508462904319354
3492;23.5;-0.8660254037844393;0.0010092156491414645
3493;22.0;-1.7320508075688767;0.0031210410505780662
3494;20.5;-2.598076211353316;0.00840433648669294
3495;19.0;-3.4641016151377535;0.001535445899216094
3496;17.5;-4.330127018922193;0.0028266920379990193
3497;16.0;-5.196152422706632;0.009372745547836854
3498;14.5;-6.06217782649107;0.0023036957035142153
3499;13.0;-6.928203230275509;0.0023637519544389444
3500;11.5;-7.794228634059947;0.010200697368722594
3501;10.0;-8.660254037844386;0.003322674503175931
3502;8.5;-9.526279441628825;0.001745776965507367
3503;7.0;-10.392304845413264;0.010589231301720783
3504;5.5;-11.258330249197702;0.004440014123401977
3505;4.0;-12.12435565298214;0.0011150055796917723
3506;2.5;-12.990381056766578;0.01040338375148973
3507;1.0;-13.856406460551018;0.0053918959707312045
3508;50.5;16.45448267190433;0.004484323800264335
3509;49.0;15.588457268119894;0.004770856228508206
3510;47.5;14.722431864335457;1.700547632521215e-05
3511;46.0;13.856406460551016;0.0042428027921630205
3512;44.5;12.990381056766578;0.005110836039325476
3513;43.0;12.12435565298214;6.914173822793827e-05
3514;41.5;11.2583302491977;0.004039562541194069
3515;40.0;10.392304845413262;0.005515516151084436
3516;38.5;9.526279441628825;0.00016009813988092595
3517;37.0;8.660254037844387;0.0038685012449124136
3518;35.5;7.794228634059946;0.0060004153455891504
3519;34.0;6.928203230275509;0.00029730525938522596
3520;32.5;6.062177826491071;0.0037226263384847825
3521;31.0;5.19615242270663;0.0065872948261561075
3522;29.5;4.330127018922193;0.0004946458160663522
3523;28.0;3.4641016151377535;0.0035910351536728555
3524;26.5;2.598076211353316;0.0073062465673706615
3525;25.0;1.7320508075688767;0.0007784889359390306
3526;23.5;0.8660254037844375;0.0034515592824938108
3527;22.0;0.0;0.008193531361852625
3528;20.5;-0.8660254037844393;0.0012007506363579386
3529;19.0;-1.7320508075688767;0.003251658950933787
3530;17.5;-2.598076211353316;0.009255995720090915
3531;16.0;-3.4641016151377553;0.001852565685360989
3532;14.5;-4.330127018922194;0.002891374161310982
3533;13.0;-5.196152422706632;0.010356792923132033
3534;11.5;-6.06217782649107;0.0028249115954060056
3535;10.0;-6.928203230275509;0.002289488942792776
3536;8.5;-7.794228634059948;0.011128403663914535
3537;7.0;-8.660254037844386;0.004058805247889978
3538;5.5;-9.526279441628825;0.0015362666342186861
3539;4.0;-10.392304845413264;0.011199707048185957
3540;2.5;-11.258330249197702;0.005247114492827716
3541;1.0;-12.12435565298214;0.0008737941927516654
3542;50.5;18.18653347947321;0.0047571127843217716
3543;49.0;17.32050807568877;4.026973818408534e-06
3544;47.5;16.454482671904334;0.004497667667959626
3545;46.0;15.588457268119893;0.005067791507914757
3546;44.5;14.722431864335455;3.6622128482528276e-05
3547;43.0;13.856406460551018;0.004282195909101862
3548;41.5;12.990381056766577;0.005439599506604248
3549;40.0;12.124355652982139;0.00010396020336291001
3550;38.5;11.258330249197702;0.004105020437996614
3551;37.0;10.392304845413264;0.0058864836031527765
3552;35.5;9.526279441628823;0.00021100891621100005
3553;34.0;8.660254037844386;0.003960965518442593
3554;32.5;7.794228634059948;0.006428631006800431
3555;31.0;6.928203230275507;0.0003673131291083376
3556;29.5;6.0621778264910695;0.003843595338797217
3557;28.0;5.19615242270663;0.007095934649788759
3558;26.5;4.330127018922193;0.0005910793968542439
3559;25.0;3.4641016151377535;0.0037410912190211035
3560;23.5;2.5980762113533142;0.007932730091512344
3561;22.0;1.7320508075688767;0.0009190539379775085
3562;20.5;0.8660254037844375;0.003624307878251345
3563;19.0;0.0;0.00899729532052881
3564;17.5;-0.8660254037844393;0.00143116598305684
3565;16.0;-1.7320508075688785;0.003407912782025795
3566;14.5;-2.598076211353317;0.010285767425719069
3567;13.0;-3.4641016151377553;0.002270262626671446
3568;11.5;-4.330127018922194;0.002929088772058369
3569;10.0;-5.196152422706632;0.011507057584687657
3570;8.5;-6.062177826491071;0.0035310156392658067
3571;7.0;-6.92820323027551;0.0021223435073904643
3572;5.5;-7.794228634059948;0.012051133070633132
3573;4.0;-8.660254037844387;0.004981877375337351
3574;2.5;-9.526279441628825;0.0012422983423527967
3575;1.0;-10.392304845413264;0.01159567629746883
3576;49.0;19.05255888325765;0.0047571127843217716
3577;47.5;18.186533479473212;0.005037955716016024
3578;46.0;17.32050807568877;1.5318654286025517e-05
3579;44.5;16.454482671904334;0.004525860680896757
3580;43.0;15.588457268119896;0.005376722703636065
3581;41.5;14.722431864335455;6.221501913132673e-05
3582;40.0;13.856406460551018;0.004338328750368911
3583;38.5;12.99038105676658;0.005785439785386273
3584;37.0;12.124355652982143;0.00014379955178681552
3585;35.5;11.258330249197702;0.004190203043929414
3586;34.0;10.392304845413264;0.0062818184612496485
3587;32.5;9.526279441628827;0.00026639859857830475
3588;31.0;8.660254037844386;0.004077719313503753
3589;29.5;7.794228634059948;0.006892725103604122
3590;28.0;6.928203230275509;0.000442080095523214
3591;26.5;6.062177826491071;0.003995715227876963
3592;25.0;5.196152422706632;0.007660414605727448
3593;23.5;4.330127018922193;0.0006948144935205957
3594;22.0;3.4641016151377553;0.003932110274654509
3595;20.5;2.598076211353316;0.00865317496089828
3596;19.0;1.7320508075688785;0.0010771667395619152
3597;17.5;0.8660254037844393;0.0038481992113861482
3598;16.0;0.0;0.009972940295519784
3599;14.5;-0.8660254037844384;0.0017211942990937867
3600;13.0;-1.7320508075688767;0.003591783947735953
3601;11.5;-2.598076211353315;0.011573191069033097
3602;10.0;-3.4641016151377535;0.002857726776728534
3603;8.5;-4.330127018922193;0.0028958652177271753
3604;7.0;-5.196152422706631;0.012822299646407959
3605;5.5;-6.0621778264910695;0.0045113647803687205
3606;4.0;-6.928203230275509;0.001815693817803196
3607;2.5;-7.794228634059947;0.012812740002560162
3608;1.0;-8.660254037844386;0.006075753748866041
3609;49.0;20.784609690826528;0.005022501517942094
3610;47.5;19.918584287042087;3.6015812660376434e-06
3611;46.0;19.052558883257646;0.004772153459700407
3612;44.5;18.186533479473212;0.005328223328683215
3613;43.0;17.32050807568877;3.272026266087107e-05
3614;41.5;16.45448267190433;0.004570568055198411
3615;40.0;15.588457268119894;0.005699287605956678
3616;38.5;14.722431864335457;9.26913636385032e-05
3617;37.0;13.85640646055102;0.004413535228020079
3618;35.5;12.990381056766578;0.0061506513052777215
3619;34.0;12.12435565298214;0.00018753413924170147
3620;32.5;11.258330249197703;0.004298587373201136
3621;31.0;10.392304845413262;0.006705208065009185
3622;29.5;9.526279441628825;0.00032502004908051805
3623;28.0;8.660254037844386;0.00422423627414634
3624;26.5;7.794228634059948;0.007399410422633879
3625;25.0;6.928203230275509;0.0005202119675375912
3626;23.5;6.0621778264910695;0.004188113903680044
3627;22.0;5.196152422706632;0.008294650684135502
3628;20.5;4.330127018922193;0.0008047679313434859
3629;19.0;3.4641016151377553;0.004180141185911623
3630;17.5;2.598076211353316;0.009501225479873905
3631;16.0;1.7320508075688767;0.0012560201418616102
3632;14.5;0.8660254037844384;0.00415048210238421
3633;13.0;0.0;0.01121724882475111
3634;11.5;-0.8660254037844384;0.002114162270351011
3635;10.0;-1.7320508075688767;0.0037944055672156874
3636;8.5;-2.598076211353316;0.013237988215795679
3637;7.0;-3.4641016151377544;0.0037507311088738797
3638;5.5;-4.330127018922193;0.00270320766036316
3639;4.0;-5.196152422706632;0.01419888510068212
3640;2.5;-6.06217782649107;0.005859614044689554
3641;1.0;-6.928203230275509;0.0013428749702598707
3642;47.5;21.650635094610966;0.005022501517942096
3643;46.0;20.784609690826525;0.00529509341409449
3644;44.5;19.918584287042087;1.3591149530640815e-05
3645;43.0;19.05255888325765;0.004803607529195981
3646;41.5;18.18653347947321;0.005629234596153623
3647;40.0;17.32050807568877;5.508977805739786e-05
3648;38.5;16.454482671904334;0.004633712421953725
3649;37.0;15.588457268119896;0.006037136592993588
3650;35.5;14.722431864335455;0.00012689053128337748
3651;34.0;13.856406460551018;0.004510669558363847
3652;32.5;12.99038105676658;0.0065376650677152984
3653;31.0;12.124355652982139;0.0002338518617458592
3654;29.5;11.258330249197702;0.00443464351617493
3655;28.0;10.392304845413262;0.007160786680201266
3656;26.5;9.526279441628825;0.0003852311661490413
3657;25.0;8.660254037844386;0.004407966593509242
3658;23.5;7.794228634059946;0.007956760390517134
3659;22.0;6.928203230275509;0.0005995169901072836
3660;20.5;6.0621778264910695;0.00443421968703745
3661;19.0;5.196152422706632;0.009017091801518128
3662;17.5;4.330127018922193;0.0009183540782341806
3663;16.0;3.4641016151377535;0.004511791759730523
3664;14.5;2.598076211353315;0.010528862762949013
3665;13.0;1.7320508075688767;0.0014581714747329104
3666;11.5;0.8660254037844384;0.0045867437053226925
3667;10.0;0.0;0.012928945951641495
3668;8.5;-0.8660254037844393;0.002715116155737492
3669;7.0;-1.7320508075688776;0.003962662232200794
3670;5.5;-2.598076211353316;0.01542387465115516
3671;4.0;-3.464101615137755;0.005212913951227545
3672;2.5;-4.330127018922194;0.0022051066058614986
3673;1.0;-5.196152422706632;0.015253899640600975
3674;47.5;23.382685902179844;0.005278148215517688
3675;46.0;22.516660498395403;3.172872721333498e-06
3676;44.5;21.650635094610966;0.005039031586588457
3677;43.0;20.784609690826528;0.005576020220954271
3678;41.5;19.918584287042087;2.8779916987023857e-05
3679;40.0;19.05255888325765;0.0048530079184402495
3680;38.5;18.186533479473212;0.00594221786192847
3681;37.0;17.320508075688775;8.125949899842005e-05
3682;35.5;16.454482671904334;0.004717575339816074
3683;34.0;15.588457268119896;0.0063918709780299175
3684;32.5;14.722431864335459;0.0001635242236044226
3685;31.0;13.856406460551018;0.0046332757492354324
3686;29.5;12.99038105676658;0.006948953886097105
3687;28.0;12.124355652982139;0.0002811412244383913
3688;26.5;11.258330249197702;0.004604187722583588
3689;25.0;10.392304845413264;0.00765300790022819
3690;23.5;9.526279441628823;0.0004447439236999768
3691;22.0;8.660254037844386;0.004639206699184959
3692;20.5;7.794228634059947;0.008574159634880714
3693;19.0;6.92820323027551;0.0006763547593753378
3694;17.5;6.06217782649107;0.004754315886096081
3695;16.0;5.196152422706631;0.00985173463633996
3696;14.5;4.330127018922193;0.0010295134740292854
3697;13.0;3.4641016151377544;0.0049736648292820675
3698;11.5;2.598076211353316;0.011817913235861182
3699;10.0;1.7320508075688776;0.0016797475500010528
3700;8.5;0.8660254037844384;0.00528831469252415
3701;7.0;0.0;0.015581923748118781
3702;5.5;-0.8660254037844384;0.0038288740025944888
3703;4.0;-1.7320508075688772;0.003883158851665256
3704;2.5;-2.598076211353316;0.0180944221965713
3705;1.0;-3.4641016151377544;0.007666218877491307
3706;46.0;24.248711305964278;0.0052781482155176895
3707;44.5;23.38268590217984;0.005540140658535945
3708;43.0;22.516660498395403;1.1874809638713554e-05
3709;41.5;21.650635094610962;0.005073252713384422
3710;40.0;20.784609690826525;0.005866251949534203
3711;38.5;19.918584287042087;4.799618223319188e-05
3712;37.0;19.05255888325765;0.004922124588412854
3713;35.5;18.18653347947321;0.006268246733017084
3714;34.0;17.32050807568877;0.00010999084730118704
3715;32.5;16.454482671904334;0.00482490350180201
3716;31.0;15.588457268119894;0.0067649283295137695
3717;29.5;14.722431864335457;0.00020110117229131451
3718;28.0;13.856406460551018;0.004785785384520896
3719;26.5;12.99038105676658;0.0073868245057673
3720;25.0;12.12435565298214;0.00032733755896244916
3721;23.5;11.258330249197702;0.004814833225898191
3722;22.0;10.392304845413264;0.008186259790983788
3723;20.5;9.526279441628825;0.0005002482343161615
3724;19.0;8.660254037844387;0.004932327127302058
3725;17.5;7.794228634059948;0.009261627507595852
3726;16.0;6.928203230275509;0.000744515016841546
3727;14.5;6.0621778264910695;0.005179695627348078
3728;13.0;5.196152422706632;0.01082767916828282
3729;11.5;4.330127018922193;0.001124389672904965
3730;10.0;3.464101615137755;0.005651777660832576
3731;8.5;2.5980762113533156;0.013493849343475209
3732;7.0;1.7320508075688772;0.0018872273102454188
3733;5.5;0.8660254037844388;0.006623574624884711
3734;4.0;0.0;0.020524356626555763
3735;2.5;-0.8660254037844386;0.006552618434648405
3736;1.0;-1.7320508075688772;0.0028694517426797795
3737;46.0;25.980762113533157;0.005521998225237015
3738;44.5;25.11473670974872;2.753222273384675e-06
3739;43.0;24.24871130596428;0.005295885875604924
3740;41.5;23.38268590217984;0.0058093088350404855
3741;40.0;22.516660498395403;2.492058728473176e-05
3742;38.5;21.650635094610966;0.005126475358211365
3743;37.0;20.784609690826528;0.00616654259738894
3744;35.5;19.918584287042087;7.004822622190018e-05
3745;34.0;19.05255888325765;0.005013033377257413
3746;32.5;18.186533479473212;0.006608134036947776
3747;31.0;17.32050807568877;0.00013992298956604345
3748;29.5;16.454482671904334;0.004959015769948703
3749;28.0;15.588457268119894;0.007157378952841309
3750;26.5;14.722431864335457;0.00023783570737741548
3751;25.0;13.856406460551018;0.004973735369546176
3752;23.5;12.990381056766578;0.007853005838906106
3753;22.0;12.12435565298214;0.000369723203203771
3754;20.5;11.258330249197702;0.005076528903568889
3755;19.0;10.392304845413264;0.00876395433438059
3756;17.5;9.526279441628825;0.0005468799991214284
3757;16.0;8.660254037844386;0.005307397046745423
3758;14.5;7.794228634059947;0.010027556314091487
3759;13.0;6.928203230275509;0.0007934128146716709
3760;11.5;6.06217782649107;0.0057590720562503426
3761;10.0;5.196152422706632;0.011972839351444083
3762;8.5;4.330127018922193;0.0011725258402427669
3763;7.0;3.4641016151377544;0.006711028041181034
3764;5.5;2.598076211353316;0.015715905356628902
3765;4.0;1.7320508075688772;0.0019340422819927403
3766;2.5;0.8660254037844386;0.00985760948463436
3767;1.0;0.0;0.03248420112202015
