vertex_index;vertex_x;vertex_y;ldos
0;65.0;-38.1051177665153;3.440404498446011e-10
1;63.5;-38.97114317029973;9.981188314595551e-08
2;62.0;-39.837168574084174;7.526655399371554e-06
3;60.5;-40.703193977868615;0.0002608574557741801
4;59.0;-41.56921938165305;0.005230891167297303
5;57.5;-42.43524478543749;0.06868387079207516
6;56.0;-43.30127018922193;0.6372828170309341
7;54.5;-44.167295593006365;4.395672075475376
8;53.0;-45.033320996790806;23.348344109038724
9;51.5;-45.89934640057525;97.93034965969841
10;50.0;-46.76537180435968;330.1661097856297
11;48.5;-47.63139720814412;905.6757484503661
12;47.0;-48.49742261192856;2036.2753660433943
13;45.5;-49.363448015713;3763.3737233200554
14;44.0;-50.22947341949744;5706.695523661321
15;42.5;-51.09549882328188;7045.883879218899
16;41.0;-51.96152422706631;6972.231966725279
17;39.5;-52.827549630850754;5370.8535202090925
18;38.0;-53.693575034635195;3047.8438274133205
19;36.5;-54.55960043841963;1130.5475286566978
20;35.0;-55.42562584220407;191.0458544668591
21;65.0;-36.37306695894643;3.440404498427671e-10
22;63.5;-37.239092362730865;8.843597785229045e-08
23;62.0;-38.105117766515306;5.892974617285233e-06
24;60.5;-38.97114317029975;0.00017976394232671708
25;59.0;-39.83716857408418;0.0031554980088439747
26;57.5;-40.70319397786862;0.036005511475205976
27;56.0;-41.56921938165306;0.2875360576696669
28;54.5;-42.4352447854375;1.6855462365425342
29;53.0;-43.30127018922194;7.482559013095579
30;51.5;-44.16729559300638;25.643732282841974
31;50.0;-45.03332099679081;68.46730485989532
32;48.5;-45.899346400575254;142.18114999826201
33;47.0;-46.765371804359695;225.92077182530534
34;45.5;-47.63139720814413;263.1284584929535
35;44.0;-48.49742261192857;201.5358322516074
36;42.5;-49.36344801571301;70.51113262703961
37;41.0;-50.229473419497445;0.1934985864496043
38;39.5;-51.095498823281886;104.32140624298168
39;38.0;-51.96152422706633;326.84397905250563
40;36.5;-52.82754963085076;465.8545928478286
41;35.0;-53.6935750346352;392.1066031590041
42;33.5;-54.55960043841964;191.0458544668591
43;32.0;-55.42562584220408;39.19042863560184
44;65.0;-34.64101615137755;3.440404498151405e-10
45;63.5;-35.50704155516198;7.774815345803631e-08
46;62.0;-36.373066958946424;4.537595316077988e-06
47;60.5;-37.239092362730865;0.0001205617861750036
48;59.0;-38.1051177665153;0.0018289490156126634
49;57.5;-38.97114317029974;0.01784291307713751
50;56.0;-39.83716857408418;0.12004334106345607
51;54.5;-40.703193977868615;0.5807385125476949
52;53.0;-41.569219381653056;2.0653736993118708
53;51.5;-42.4352447854375;5.422086791460234
54;50.0;-43.30127018922193;10.307523757304567
55;48.5;-44.16729559300637;13.318679630744588
56;47.0;-45.03332099679081;9.65150751132487
57;45.5;-45.89934640057525;1.4174679243395643
58;44.0;-46.76537180435969;4.100235810719391
59;42.5;-47.63139720814413;33.63120194718111
60;41.0;-48.49742261192856;78.09188693378287
61;39.5;-49.363448015713004;95.52938527482394
62;38.0;-50.229473419497445;61.85888815352656
63;36.5;-51.09549882328188;12.283893030689974
64;35.0;-51.96152422706632;3.175464961579379
65;33.5;-52.82754963085076;35.757386595028194
66;32.0;-53.693575034635195;57.179426313869
67;30.5;-54.559600438419636;39.19042863560184
68;29.0;-55.42562584220408;9.944568010889084
69;65.0;-32.90896534380867;3.4404044959675656e-10
70;63.5;-33.7749907475931;6.774840996194533e-08
71;62.0;-34.64101615137754;3.4274219012125567e-06
72;60.5;-35.50704155516198;7.832073618576947e-05
73;59.0;-36.37306695894642;0.0010103594370674564
74;57.5;-37.23909236273086;0.008246666241758375
75;56.0;-38.1051177665153;0.04532443110711863
76;54.5;-38.97114317029973;0.1727144767947477
77;53.0;-39.837168574084174;0.45573140693424274
78;51.5;-40.703193977868615;0.7945880953783586
79;50.0;-41.56921938165305;0.7779166767419281
80;48.5;-42.43524478543749;0.19267153161224607
81;47.0;-43.30127018922193;0.29462051850164694
82;45.5;-44.167295593006365;3.671491812347457
83;44.0;-45.033320996790806;10.339292753229424
84;42.5;-45.89934640057525;14.245628189583991
85;41.0;-46.76537180435968;9.22774374112191
86;39.5;-47.63139720814412;0.8778802617410035
87;38.0;-48.49742261192856;3.6437907629851214
88;36.5;-49.363448015713;19.01137757083334
89;35.0;-50.22947341949744;27.950480250509596
90;33.5;-51.09549882328188;17.621230662068896
91;32.0;-51.96152422706631;2.5025974144331107
92;30.5;-52.827549630850754;1.6938554320826065
93;29.0;-53.693575034635195;9.6517403182235
94;27.5;-54.55960043841963;9.944568010889087
95;26.0;-55.42562584220407;3.1292841956372555
96;65.0;-31.176914536239796;3.4404044840412315e-10
97;63.5;-32.04293994002423;5.843674736007614e-08
98;62.0;-32.908965343808674;2.5314230208419436e-06
99;60.5;-33.774990747593115;4.8979995923547495e-05
100;59.0;-34.64101615137755;0.00052607167472575
101;57.5;-35.50704155516199;0.0034839515545161725
102;56.0;-36.37306695894643;0.014904551997388413
103;54.5;-37.239092362730865;0.04108484531321373
104;53.0;-38.105117766515306;0.06733481161465912
105;51.5;-38.97114317029975;0.04679345308103482
106;50.0;-39.83716857408418;8.842846923448832e-05
107;48.5;-40.70319397786862;0.1962955282981201
108;47.0;-41.56921938165306;0.9637988590818045
109;45.5;-42.4352447854375;1.886020070115736
110;44.0;-43.30127018922194;1.6883454229219832
111;42.5;-44.16729559300638;0.31232596577163835
112;41.0;-45.03332099679081;0.5426064116067952
113;39.5;-45.899346400575254;4.413225996153368
114;38.0;-46.765371804359695;8.098711689887349
115;36.5;-47.63139720814413;6.009030879900025
116;35.0;-48.49742261192857;0.8586204060784923
117;33.5;-49.36344801571301;1.1860440990656447
118;32.0;-50.229473419497445;6.842436002390549
119;30.5;-51.095498823281886;8.314237065053884
120;29.0;-51.96152422706633;3.2589025443173476
121;27.5;-52.82754963085076;0.002188022623336034
122;26.0;-53.6935750346352;1.916902896899193
123;24.5;-54.55960043841964;3.1292841956372555
124;23.0;-55.42562584220408;1.2037466653016606
125;65.0;-29.444863728670914;3.4404044335592285e-10
126;63.5;-30.310889132455348;4.9813165644262405e-08
127;62.0;-31.17691453623979;1.8206315658083515e-06
128;60.5;-32.04293994002423;2.9241345406813225e-05
129;59.0;-32.90896534380867;0.00025400971906700735
130;57.5;-33.77499074759311;0.001302398416141502
131;56.0;-34.64101615137755;0.003976462277023351
132;54.5;-35.50704155516198;0.006497936300277415
133;53.0;-36.373066958946424;0.0032257383240120348
134;51.5;-37.239092362730865;0.0018637979606814018
135;50.0;-38.1051177665153;0.050948985971450374
136;48.5;-38.97114317029974;0.1880536629461554
137;47.0;-39.83716857408418;0.2901762937128419
138;45.5;-40.703193977868615;0.15334426430767273
139;44.0;-41.569219381653056;0.005470318966301068
140;42.5;-42.4352447854375;0.5483438068040661
141;41.0;-43.30127018922193;1.6782660954854658
142;39.5;-44.16729559300637;1.8609050189928524
143;38.0;-45.03332099679081;0.5551080368484712
144;36.5;-45.89934640057525;0.15562337486940167
145;35.0;-46.76537180435969;2.3247554831827464
146;33.5;-47.63139720814413;4.062941688026331
147;32.0;-48.49742261192856;2.3309613889449197
148;30.5;-49.363448015713004;0.07162956588912298
149;29.0;-50.229473419497445;1.162512722359625
150;27.5;-51.09549882328188;3.092206731105477
151;26.0;-51.96152422706632;2.0486154927873805
152;24.5;-52.82754963085076;0.14780617418381192
153;23.0;-53.693575034635195;0.4513480242813045
154;21.5;-54.559600438419636;1.2037466653016606
155;20.0;-55.42562584220408;0.5517311014470277
156;65.0;-27.71281292110203;3.4404042590203965e-10
157;63.5;-28.578838324886465;4.187766480618001e-08
158;62.0;-29.444863728670907;1.2681446696514422e-06
159;60.5;-30.310889132455348;1.6469143673073995e-05
160;59.0;-31.17691453623978;0.00011088419448434916
161;57.5;-32.042939940024226;0.00040606589716171633
162;56.0;-32.90896534380867;0.0007274048010815848
163;54.5;-33.7749907475931;0.00030802353700243513
164;53.0;-34.64101615137754;0.0005671190795902251
165;51.5;-35.50704155516198;0.009993435680577584
166;50.0;-36.37306695894642;0.03332347500864252
167;48.5;-37.23909236273086;0.04323603142072171
168;47.0;-38.1051177665153;0.011031021369238116
169;45.5;-38.97114317029973;0.02163496967636033
170;44.0;-39.837168574084174;0.21673953330929185
171;42.5;-40.703193977868615;0.4442773657220759
172;41.0;-41.56921938165305;0.30799921778897926
173;39.5;-42.43524478543749;0.004715747885572017
174;38.0;-43.30127018922193;0.3832777623480442
175;36.5;-44.167295593006365;1.2985667776827083
176;35.0;-45.033320996790806;1.2774058034175808
177;33.5;-45.89934640057525;0.24104094222849404
178;32.0;-46.76537180435968;0.23904808242136272
179;30.5;-47.63139720814412;1.5853624392323755
180;29.0;-48.49742261192856;1.8112736640057514
181;27.5;-49.363448015713;0.4627650407433209
182;26.0;-50.22947341949744;0.1070393234238308
183;24.5;-51.09549882328188;1.095879973657731
184;23.0;-51.96152422706631;1.1157275912596916
185;21.5;-52.827549630850754;0.1809051835286762
186;20.0;-53.693575034635195;0.12557657605505834
187;18.5;-54.55960043841963;0.5517311014470274
188;17.0;-55.42562584220407;0.2925833780444265
189;65.0;-25.980762113533157;3.440403747922948e-10
190;63.5;-26.84678751731759;3.463024485728413e-08
191;62.0;-27.71281292110203;8.49123708619456e-07
192;60.5;-28.578838324886473;8.597212152955859e-06
193;59.0;-29.444863728670907;4.188597984127384e-05
194;57.5;-30.310889132455348;9.256214177426308e-05
195;56.0;-31.17691453623979;4.6503863198056475e-05
196;54.5;-32.042939940024226;8.873414837905678e-05
197;53.0;-32.90896534380867;0.0017110472925394734
198;51.5;-33.7749907475931;0.005799270503948869
199;50.0;-34.64101615137755;0.006819461275156685
200;48.5;-35.50704155516198;0.0006444313976840967
201;47.0;-36.37306695894642;0.01058926998379544
202;45.5;-37.239092362730865;0.06356289518314723
203;44.0;-38.1051177665153;0.10141976513242554
204;42.5;-38.97114317029973;0.040396364017010945
205;41.0;-39.83716857408418;0.012446683588063053
206;39.5;-40.703193977868615;0.23649345761832846
207;38.0;-41.56921938165305;0.47302083139226386
208;36.5;-42.43524478543749;0.2708708016527552
209;35.0;-43.30127018922193;8.695763299778677e-05
210;33.5;-44.167295593006365;0.40865929007781476
211;32.0;-45.033320996790806;0.9601736844503643
212;30.5;-45.89934640057525;0.5931870821469913
213;29.0;-46.76537180435968;0.007521065006915907
214;27.5;-47.63139720814412;0.4429798822058029
215;26.0;-48.49742261192856;1.0149292340073741
216;24.5;-49.363448015713;0.5179310201173817
217;23.0;-50.22947341949744;8.906846364838605e-05
218;21.5;-51.09549882328188;0.3980986299639643
219;20.0;-51.96152422706631;0.6079279577016032
220;18.5;-52.827549630850754;0.15086868970251202
221;17.0;-53.693575034635195;0.040754029236302766
222;15.5;-54.55960043841963;0.2925833780444263
223;14.0;-55.42562584220407;0.17461502073541024
224;65.0;-24.24871130596428;3.440402451717241e-10
225;63.5;-25.114736709748716;2.8070905873200415e-08
226;62.0;-25.980762113533157;5.407943016589368e-07
227;60.5;-26.846787517317598;4.0425988532146475e-06
228;59.0;-27.71281292110203;1.2530455026883974e-05
229;57.5;-28.578838324886473;9.916118987046324e-06
230;56.0;-29.444863728670914;7.848786100906363e-06
231;54.5;-30.31088913245535;0.00026371257461634153
232;53.0;-31.17691453623979;0.001020479327623689
233;51.5;-32.042939940024226;0.0012102149129283157
234;50.0;-32.90896534380867;4.130859581727701e-05
235;48.5;-33.77499074759311;0.0032712072010522746
236;47.0;-34.64101615137755;0.016458252067564315
237;45.5;-35.50704155516198;0.022264424036871237
238;44.0;-36.373066958946424;0.004402046901455973
239;42.5;-37.239092362730865;0.013800681247484426
240;41.0;-38.1051177665153;0.09768939457851498
241;39.5;-38.97114317029974;0.14043106369760558
242;38.0;-39.83716857408418;0.040585817541664106
243;36.5;-40.703193977868615;0.027993531097675748
244;35.0;-41.569219381653056;0.28066201479320035
245;33.5;-42.4352447854375;0.3968265175810701
246;32.0;-43.30127018922193;0.11602193191279757
247;30.5;-44.16729559300637;0.04397332818613801
248;29.0;-45.03332099679081;0.4671209505727618
249;27.5;-45.89934640057525;0.5659421212371849
250;26.0;-46.76537180435969;0.11687485849677967
251;24.5;-47.63139720814413;0.08280739086105138
252;23.0;-48.49742261192856;0.5044366356025771
253;21.5;-49.363448015713004;0.4100965241077684
254;20.0;-50.229473419497445;0.022125606313989736
255;18.5;-51.09549882328188;0.15309938340136378
256;17.0;-51.96152422706632;0.34844754891498453
257;15.5;-52.82754963085076;0.11494371311443126
258;14.0;-53.693575034635195;0.015138877955172802
259;12.5;-54.559600438419636;0.17461502073541
260;11.0;-55.42562584220407;0.11455967413337413
261;65.0;-22.516660498395407;3.4403995670787933e-10
262;63.5;-23.38268590217984;2.21996480470605e-08
263;62.0;-24.24871130596428;3.224463103730509e-07
264;60.5;-25.114736709748723;1.6262233486295928e-06
265;59.0;-25.980762113533157;2.3385067347998107e-06
266;57.5;-26.846787517317598;1.527805926654613e-07
267;56.0;-27.71281292110204;3.5408946698028744e-05
268;54.5;-28.578838324886476;0.00018057101281162213
269;53.0;-29.444863728670914;0.00024666956530164846
270;51.5;-30.31088913245535;8.084092557760768e-06
271;50.0;-31.176914536239792;0.0008043498698327964
272;48.5;-32.04293994002423;0.004047700294901018
273;47.0;-32.90896534380867;0.005054537078609327
274;45.5;-33.774990747593115;0.0004377726071782292
275;44.0;-34.64101615137755;0.006866577750560131
276;42.5;-35.50704155516198;0.03379131518764046
277;41.0;-36.37306695894643;0.03805494385366597
278;39.5;-37.239092362730865;0.003867393005730576
279;38.0;-38.1051177665153;0.030026707482084282
280;36.5;-38.97114317029974;0.13599264341011755
281;35.0;-39.83716857408418;0.13137929690996827
282;33.5;-40.703193977868615;0.010033289492258773
283;32.0;-41.569219381653056;0.08370709991084786
284;30.5;-42.4352447854375;0.30284994140167865
285;29.0;-43.30127018922193;0.22445264754473043
286;27.5;-44.16729559300637;0.004737411889055246
287;26.0;-45.03332099679081;0.16844590291036468
288;24.5;-45.89934640057525;0.3964369033998431
289;23.0;-46.76537180435969;0.17848454551379406
290;21.5;-47.63139720814413;0.004878920089123137
291;20.0;-48.49742261192856;0.24171088841049945
292;18.5;-49.363448015713004;0.2916280142277278
293;17.0;-50.229473419497445;0.03960709018610226
294;15.5;-51.09549882328188;0.06313207119358324
295;14.0;-51.96152422706632;0.21351205365595338
296;12.5;-52.82754963085076;0.08692441933673996
297;11.0;-53.693575034635195;0.006304831753229113
298;9.5;-54.559600438419636;0.11455967413337392
299;8.0;-55.42562584220408;0.08107670795192672
300;65.0;-20.784609690826525;3.440393899637713e-10
301;63.5;-21.65063509461096;1.701647168154145e-08
302;62.0;-22.5166604983954;1.754338390439293e-07
303;60.5;-23.38268590217984;5.004025827524819e-07
304;59.0;-24.248711305964274;6.450952250623975e-08
305;57.5;-25.114736709748716;3.68667771416174e-06
306;56.0;-25.980762113533157;3.09101109565857e-05
307;54.5;-26.846787517317594;5.60571521236688e-05
308;53.0;-27.71281292110203;5.144109040970261e-06
309;51.5;-28.57883832488647;0.00016544446907672746
310;50.0;-29.44486372867091;0.0009737054673504331
311;48.5;-30.310889132455348;0.001243301931483603
312;47.0;-31.176914536239785;5.585739185952868e-05
313;45.5;-32.042939940024226;0.002517260846701561
314;44.0;-32.90896534380867;0.010771899375999422
315;42.5;-33.7749907475931;0.010192789743960639
316;41.0;-34.64101615137755;0.00012662490993196093
317;39.5;-35.50704155516198;0.01765934347841583
318;38.0;-36.37306695894642;0.055446331232399115
319;36.5;-37.23909236273086;0.038216211890943645
320;35.0;-38.1051177665153;3.9810626745595655e-05
321;33.5;-38.97114317029973;0.06879949415360213
322;32.0;-39.837168574084174;0.1517009202978547
323;30.5;-40.703193977868615;0.06811905367644851
324;29.0;-41.56921938165305;0.0058604772828589275
325;27.5;-42.43524478543749;0.16397280395758518
326;26.0;-43.30127018922193;0.22968093695685915
327;24.5;-44.167295593006365;0.04805335684491892
328;23.0;-45.033320996790806;0.04291445992253665
329;21.5;-45.89934640057525;0.24238247278564617
330;20.0;-46.76537180435968;0.17790830714019717
331;18.5;-47.63139720814412;0.002341103081569591
332;17.0;-48.49742261192856;0.1162882570658832
333;15.5;-49.363448015713;0.20274871031479197
334;14.0;-50.22947341949744;0.0444419883933294
335;12.5;-51.09549882328188;0.027970612799341085
336;11.0;-51.96152422706631;0.14004992296100702
337;9.5;-52.827549630850754;0.06711399103779665
338;8.0;-53.693575034635195;0.002886583232058982
339;6.5;-54.55960043841963;0.08107670795192647
340;5.0;-55.42562584220407;0.06098305375842222
341;65.0;-19.05255888325765;3.440384077393686e-10
342;63.5;-19.918584287042084;1.2521376986632403e-08
343;62.0;-20.784609690826525;8.317523497003701e-08
344;60.5;-21.650635094610966;8.325747744348578e-08
345;59.0;-22.5166604983954;2.0558103895554366e-07
346;57.5;-23.38268590217984;4.726508538247419e-06
347;56.0;-24.24871130596428;1.3246801801074237e-05
348;54.5;-25.11473670974872;3.7150675849554353e-06
349;53.0;-25.980762113533157;2.7238904142183583e-05
350;51.5;-26.846787517317594;0.00022893391523911926
351;50.0;-27.712812921102035;0.00033641936213812625
352;48.5;-28.578838324886473;1.645328443702612e-05
353;47.0;-29.44486372867091;0.0007721042018739444
354;45.5;-30.31088913245535;0.0033230647240671068
355;44.0;-31.17691453623979;0.0028746178724989627
356;42.5;-32.042939940024226;8.001396420456047e-06
357;41.0;-32.90896534380867;0.008047296734177627
358;39.5;-33.77499074759311;0.020776649055330876
359;38.0;-34.64101615137755;0.01052306769353506
360;36.5;-35.50704155516198;0.001598466545057425
361;35.0;-36.373066958946424;0.04072269556892369
362;33.5;-37.239092362730865;0.06552964454170916
363;32.0;-38.1051177665153;0.016177670576389382
364;30.5;-38.97114317029974;0.016510137294726928
365;29.0;-39.83716857408418;0.11393997784784317
366;27.5;-40.703193977868615;0.10783464203982433
367;26.0;-41.569219381653056;0.005522700180205295
368;24.5;-42.4352447854375;0.06762061803497196
369;23.0;-43.30127018922193;0.1817903478612087
370;21.5;-44.16729559300637;0.08131936433178445
371;20.0;-45.03332099679081;0.004974732248976596
372;18.5;-45.89934640057525;0.13943268082302643
373;17.0;-46.76537180435969;0.1516289056867544
374;15.5;-47.63139720814413;0.011938976943821098
375;14.0;-48.49742261192856;0.05734280441860726
376;12.5;-49.363448015713004;0.14292698551859498
377;11.0;-50.22947341949744;0.042844146196205225
378;9.5;-51.09549882328188;0.013263844281555111
379;8.0;-51.96152422706632;0.09783796765670856
380;6.5;-52.827549630850754;0.05336690823459756
381;5.0;-53.693575034635195;0.001428254027454945
382;3.5;-54.559600438419636;0.060983053758422
383;2.0;-55.42562584220407;0.04818343236280444
384;65.0;-17.320508075688775;3.440369183435456e-10
385;63.5;-18.18653347947321;8.714363549487138e-09
386;62.0;-19.05255888325765;3.115308930138018e-08
387;60.5;-19.91858428704209;3.512805287310287e-13
388;59.0;-20.784609690826525;5.504931388579753e-07
389;57.5;-21.650635094610966;2.9606176313682723e-06
390;56.0;-22.516660498395407;2.147877243436133e-06
391;54.5;-23.382685902179844;2.931536503806331e-06
392;53.0;-24.24871130596428;5.107293197800762e-05
393;51.5;-25.11473670974872;9.823735875567565e-05
394;50.0;-25.98076211353316;1.0311735361261826e-05
395;48.5;-26.846787517317598;0.00020407576778378654
396;47.0;-27.712812921102035;0.0010139759729116298
397;45.5;-28.578838324886476;0.0008915763206250789
398;44.0;-29.444863728670914;1.62460857204322e-05
399;42.5;-30.31088913245535;0.0031859114783561065
400;41.0;-31.176914536239792;0.0075478396771148145
401;39.5;-32.04293994002423;0.0029630998870778416
402;38.0;-32.90896534380867;0.001727158650625832
403;36.5;-33.77499074759311;0.020324145363767726
404;35.0;-34.64101615137755;0.026185022776816645
405;33.5;-35.50704155516198;0.0029364440179917278
406;32.0;-36.373066958946424;0.016588445514195298
407;30.5;-37.239092362730865;0.0653739068526774
408;29.0;-38.1051177665153;0.043705333876551705
409;27.5;-38.97114317029974;8.405803898780787e-05
410;26.0;-39.83716857408418;0.06455004828964439
411;24.5;-40.703193977868615;0.11179291904868295
412;23.0;-41.569219381653056;0.027665389396178307
413;21.5;-42.4352447854375;0.019938372146164944
414;20.0;-43.30127018922193;0.12652054321683945
415;18.5;-44.16729559300637;0.09173332299984825
416;17.0;-45.03332099679081;0.0002556403045630321
417;15.5;-45.89934640057525;0.07847278558820038
418;14.0;-46.76537180435969;0.12161205249054421
419;12.5;-47.63139720814413;0.019208097711005942
420;11.0;-48.49742261192856;0.029264459281237453
421;9.5;-49.363448015713004;0.10378515760291064
422;8.0;-50.229473419497445;0.039054395534056534
423;6.5;-51.09549882328188;0.006687612761801695
424;5.0;-51.96152422706632;0.07225614737312183
425;3.5;-52.82754963085076;0.043745907619827974
426;2.0;-53.693575034635195;0.0007529658301327598
427;0.5;-54.559600438419636;0.04818343236280422
428;65.0;-15.588457268119894;3.440349766933218e-10
429;63.5;-16.454482671904326;5.595429503599347e-09
430;62.0;-17.320508075688767;6.914237834829808e-09
431;60.5;-18.18653347947321;3.110314784796364e-08
432;59.0;-19.052558883257642;5.507034323084818e-07
433;57.5;-19.918584287042084;9.578401074284878e-07
434;56.0;-20.784609690826525;6.507075219477098e-08
435;54.5;-21.650635094610962;1.0097981402273675e-05
436;53.0;-22.5166604983954;2.95323055207559e-05
437;51.5;-23.382685902179837;7.644938705096755e-06
438;50.0;-24.248711305964278;4.489406283376592e-05
439;48.5;-25.114736709748716;0.00030613383440396253
440;47.0;-25.980762113533153;0.0003082653248445454
441;45.5;-26.846787517317594;3.935370107181703e-06
442;44.0;-27.71281292110203;0.0011485215223109493
443;42.5;-28.57883832488647;0.00274715468038836
444;41.0;-29.44486372867091;0.0009262549584160785
445;39.5;-30.310889132455348;0.0010526106778170625
446;38.0;-31.176914536239785;0.00921473877185527
447;36.5;-32.042939940024226;0.010201747534976604
448;35.0;-32.90896534380867;0.00037076030840943794
449;33.5;-33.7749907475931;0.011583987253546455
450;32.0;-34.64101615137754;0.03348353553694029
451;30.5;-35.50704155516198;0.01610033423302157
452;29.0;-36.37306695894642;0.0021738942573745943
453;27.5;-37.23909236273086;0.047622723885688105
454;26.0;-38.1051177665153;0.05997547325672363
455;24.5;-38.97114317029973;0.006446080084182402
456;23.0;-39.837168574084174;0.028232512464854198
457;21.5;-40.703193977868615;0.09457620476030458
458;20.0;-41.56921938165305;0.0460076647450795
459;18.5;-42.43524478543749;0.002790183155432779
460;17.0;-43.30127018922193;0.08230379822985233
461;15.5;-44.167295593006365;0.08768625628274249
462;14.0;-45.033320996790806;0.00470585840771134
463;12.5;-45.89934640057525;0.044157103768389785
464;11.0;-46.76537180435968;0.09589046734301059
465;9.5;-47.63139720814412;0.0228277227432302
466;8.0;-48.49742261192856;0.015509013495702655
467;6.5;-49.363448015713;0.07806417822726182
468;5.0;-50.22947341949744;0.03497917770161224
469;3.5;-51.09549882328188;0.0035581001494853575
470;2.0;-51.96152422706631;0.05597740524800361
471;0.5;-52.827549630850754;0.036889742627452246
472;65.0;-13.85640646055102;3.4403287147096263e-10
473;63.5;-14.722431864335453;3.1645707707838966e-09
474;62.0;-15.588457268119894;6.975972325884313e-11
475;60.5;-16.454482671904334;6.734647632669118e-08
476;59.0;-17.320508075688767;3.200546492705105e-07
477;57.5;-18.18653347947321;5.5980073048746636e-08
478;56.0;-19.05255888325765;1.5222016127561204e-06
479;54.5;-19.918584287042087;8.541880927511042e-06
480;53.0;-20.784609690826525;5.0923943692247085e-06
481;51.5;-21.650635094610962;7.125819442543646e-06
482;50.0;-22.516660498395403;8.959083269240358e-05
483;48.5;-23.38268590217984;0.00011656185776708816
484;47.0;-24.248711305964278;3.792555635519479e-09
485;45.5;-25.11473670974872;0.0003818585927400443
486;44.0;-25.980762113533157;0.0010180008410009536
487;42.5;-26.846787517317594;0.00034311898775696244
488;41.0;-27.712812921102035;0.00048307141832860956
489;39.5;-28.578838324886473;0.0039536904530229
490;38.0;-29.44486372867091;0.00403853675039567
491;36.5;-30.310889132455348;2.5103727987236587e-05
492;35.0;-31.17691453623979;0.006682834986524108
493;33.5;-32.042939940024226;0.01609955477489549
494;32.0;-32.90896534380867;0.005678549242225024
495;30.5;-33.77499074759311;0.003146985087104756
496;29.0;-34.64101615137755;0.030106448433434817
497;27.5;-35.50704155516198;0.02944700687699324
498;26.0;-36.373066958946424;0.0007114290852046216
499;24.5;-37.239092362730865;0.02709692509683109
500;23.0;-38.1051177665153;0.06165924528775071
501;21.5;-38.97114317029974;0.019462237133495982
502;20.0;-39.83716857408418;0.008656158926319445
503;18.5;-40.703193977868615;0.07145791892416535
504;17.0;-41.569219381653056;0.05478605778063864
505;15.5;-42.4352447854375;8.523578030939695e-05
506;14.0;-43.30127018922193;0.051765076962577455
507;12.5;-44.16729559300637;0.07769329514772355
508;11.0;-45.033320996790806;0.009905413858070249
509;9.5;-45.89934640057525;0.02514552357247677
510;8.0;-46.76537180435969;0.07596839549177618
511;6.5;-47.63139720814412;0.023983009084139754
512;5.0;-48.49742261192856;0.00853267215311066
513;3.5;-49.363448015713004;0.060849553800570486
514;2.0;-50.22947341949744;0.03130975748922452
515;0.5;-51.09549882328188;0.0019827802155290503
516;65.0;-12.124355652982144;3.4403110374291063e-10
517;63.5;-12.990381056766578;1.4217810838349639e-09
518;62.0;-13.85640646055102;2.2949706005859112e-09
519;60.5;-14.72243186433546;7.174946563691165e-08
520;59.0;-15.588457268119894;9.377203324747033e-08
521;57.5;-16.454482671904334;1.0833040424641403e-07
522;56.0;-17.320508075688775;2.161998574707496e-06
523;54.5;-18.186533479473212;2.852300414955647e-06
524;53.0;-19.05255888325765;4.435866285124677e-07
525;51.5;-19.918584287042087;2.426598558864539e-05
526;50.0;-20.784609690826528;4.6183222487304006e-05
527;48.5;-21.650635094610966;1.7719650614191552e-06
528;47.0;-22.516660498395403;0.00011525263237873172
529;45.5;-23.382685902179844;0.0003842386017428821
530;44.0;-24.24871130596428;0.00015289147012413393
531;42.5;-25.11473670974872;0.00017909577005272535
532;41.0;-25.98076211353316;0.0016404397188946728
533;39.5;-26.846787517317598;0.0016727692956166394
534;38.0;-27.712812921102035;4.508683894581277e-07
535;36.5;-28.578838324886473;0.003426839513663558
536;35.0;-29.444863728670914;0.007527102310168354
537;33.5;-30.31088913245535;0.002037206513775383
538;32.0;-31.17691453623979;0.002655123102227504
539;30.5;-32.04293994002423;0.017280186711019732
540;29.0;-32.90896534380867;0.013786075287030148
541;27.5;-33.77499074759311;3.6525236890249265e-06
542;26.0;-34.64101615137755;0.02100433100366134
543;24.5;-35.50704155516198;0.03658957862292543
544;23.0;-36.373066958946424;0.0070059195497665355
545;21.5;-37.239092362730865;0.011838676864561519
546;20.0;-38.1051177665153;0.05407745190551325
547;18.5;-38.97114317029974;0.030372705860285655
548;17.0;-39.83716857408418;0.0011056914453191256
549;15.5;-40.703193977868615;0.05054940543686387
550;14.0;-41.569219381653056;0.05605135147308207
551;12.5;-42.4352447854375;0.0026230559213329735
552;11.0;-43.30127018922193;0.03211594718901313
553;9.5;-44.16729559300637;0.06661527133476884
554;8.0;-45.03332099679081;0.013700760808299203
555;6.5;-45.89934640057525;0.014582775482221316
556;5.0;-46.76537180435969;0.061126109181408
557;3.5;-47.63139720814413;0.023809897206767745
558;2.0;-48.49742261192856;0.00486246668201661
559;0.5;-49.363448015713004;0.049050756682305074
560;65.0;-10.392304845413262;3.440301926281484e-10
561;63.5;-11.258330249197696;3.6705339257462684e-10
562;62.0;-12.124355652982137;7.329407126965533e-09
563;60.5;-12.990381056766578;4.838042329069077e-08
564;59.0;-13.856406460551012;1.4718199709533917e-09
565;57.5;-14.722431864335453;4.036781985358452e-07
566;56.0;-15.588457268119894;1.3024263315189988e-06
567;54.5;-16.45448267190433;4.7745426583751045e-08
568;53.0;-17.320508075688767;5.5455216485934985e-06
569;51.5;-18.186533479473205;1.814788779024864e-05
570;50.0;-19.052558883257646;3.496062085035972e-06
571;48.5;-19.918584287042084;2.986280590327243e-05
572;47.0;-20.78460969082652;0.00014560558970247973
573;45.5;-21.650635094610962;7.861360141496385e-05
574;44.0;-22.5166604983954;5.2375409997247984e-05
575;42.5;-23.382685902179837;0.0006629381431256816
576;41.0;-24.248711305964278;0.000735477199753385
577;39.5;-25.114736709748716;1.5798589382678963e-07
578;38.0;-25.980762113533153;0.001618324065856821
579;36.5;-26.84678751731759;0.003505861386341034
580;35.0;-27.71281292110203;0.0007963498367563685
581;33.5;-28.57883832488647;0.0017325127105250792
582;32.0;-29.444863728670907;0.009343792496174941
583;30.5;-30.310889132455348;0.006388205148345974
584;29.0;-31.176914536239785;0.00019712269763003267
585;27.5;-32.042939940024226;0.014238435230344243
586;26.0;-32.90896534380867;0.020454123096040052
587;24.5;-33.7749907475931;0.0021488165205169165
588;23.0;-34.64101615137754;0.011574029746464322
589;21.5;-35.50704155516198;0.037058961666449806
590;20.0;-36.37306695894642;0.015311566523294889
591;18.5;-37.23909236273086;0.003395151803359646
592;17.0;-38.1051177665153;0.043068531052878674
593;15.5;-38.97114317029973;0.0367029064555582
594;14.0;-39.837168574084174;0.00014208035926771385
595;12.5;-40.703193977868615;0.034423568108713595
596;11.0;-41.56921938165305;0.053095680125202924
597;9.5;-42.43524478543749;0.006223650990779571
598;8.0;-43.30127018922193;0.019894847626882924
599;6.5;-44.167295593006365;0.05655331572721205
600;5.0;-45.033320996790806;0.015996630777077605
601;3.5;-45.89934640057525;0.008636429175286337
602;2.0;-46.76537180435968;0.050192106313388066
603;0.5;-47.63139720814412;0.02302583649349536
604;65.0;-8.660254037844387;3.4403037849951607e-10
605;63.5;-9.526279441628821;3.8241656690492345e-13
606;62.0;-10.392304845413262;1.0976803951813925e-08
607;60.5;-11.258330249197703;1.8048266218935854e-08
608;59.0;-12.124355652982137;3.297669213133248e-08
609;57.5;-12.990381056766578;4.538954045547129e-07
610;56.0;-13.85640646055102;2.5591765210109517e-07
611;54.5;-14.722431864335457;8.514454645901863e-07
612;53.0;-15.588457268119894;6.622357512927394e-06
613;51.5;-16.45448267190433;3.629567174188108e-06
614;50.0;-17.32050807568877;5.713358091299291e-06
615;48.5;-18.18653347947321;5.379427206622491e-05
616;47.0;-19.052558883257646;4.358679654871282e-05
617;45.5;-19.918584287042087;1.0241866020915876e-05
618;44.0;-20.784609690826525;0.0002593229984967783
619;42.5;-21.650635094610962;0.0003426388236318885
620;41.0;-22.516660498395403;1.882776621189091e-06
621;39.5;-23.38268590217984;0.000714093266196448
622;38.0;-24.248711305964278;0.0016504358450108562
623;36.5;-25.114736709748716;0.0003603134477298704
624;35.0;-25.980762113533157;0.0009604207073124399
625;33.5;-26.846787517317594;0.004878061566393201
626;32.0;-27.71281292110203;0.003029383916084812
627;30.5;-28.578838324886473;0.0002801293589965545
628;29.0;-29.44486372867091;0.008829656666159341
629;27.5;-30.310889132455348;0.01108491177005008
630;26.0;-31.17691453623979;0.000561358931663176
631;24.5;-32.042939940024226;0.00934365732499137
632;23.0;-32.90896534380867;0.023696901530317217
633;21.5;-33.77499074759311;0.007212151301105464
634;20.0;-34.64101615137755;0.004728918967942474
635;18.5;-35.50704155516198;0.033126852232320904
636;17.0;-36.373066958946424;0.022279045646073893
637;15.5;-37.239092362730865;0.0002543892969215836
638;14.0;-38.1051177665153;0.032277826471817164
639;12.5;-38.97114317029974;0.03898871851689696
640;11.0;-39.837168574084174;0.002015032218776387
641;9.5;-40.703193977868615;0.022962820451339412
642;8.0;-41.569219381653056;0.048373257545335724
643;6.5;-42.43524478543749;0.00936255874393401
644;5.0;-43.30127018922193;0.012394730494252534
645;3.5;-44.16729559300637;0.04814082572919007
646;2.0;-45.033320996790806;0.017188143272359516
647;0.5;-45.89934640057525;0.0052263189035452245
648;65.0;-6.928203230275511;3.4403143692810086e-10
649;63.5;-7.794228634059945;3.217669473961506e-10
650;62.0;-8.660254037844387;1.1105070294460999e-08
651;60.5;-9.526279441628828;8.746584747163907e-10
652;59.0;-10.392304845413262;9.981687696167925e-08
653;57.5;-11.258330249197703;2.421853707013153e-07
654;56.0;-12.124355652982144;2.8169380560415187e-08
655;54.5;-12.990381056766582;2.04095399027628e-06
656;53.0;-13.85640646055102;2.724669395037531e-06
657;51.5;-14.722431864335457;4.465664727340217e-07
658;50.0;-15.588457268119898;1.8450482461333147e-05
659;48.5;-16.454482671904334;2.4445084009794906e-05
660;47.0;-17.32050807568877;5.36472266123236e-07
661;45.5;-18.186533479473212;9.608535933983519e-05
662;44.0;-19.05255888325765;0.00016649318480894758
663;42.5;-19.918584287042087;5.793695422460706e-06
664;41.0;-20.784609690826528;0.00029372506444350614
665;39.5;-21.650635094610966;0.0007893076372417173
666;38.0;-22.516660498395403;0.00019329449571041062
667;36.5;-23.38268590217984;0.0004684472305141852
668;35.0;-24.24871130596428;0.0024972576125656984
669;33.5;-25.11473670974872;0.0015095146266047544
670;32.0;-25.980762113533157;0.00021913756597924378
671;30.5;-26.846787517317598;0.005151921280509075
672;29.0;-27.712812921102035;0.005964350059154255
673;27.5;-28.578838324886473;0.00012811249256491317
674;26.0;-29.444863728670914;0.006657239781319582
675;24.5;-30.31088913245535;0.01448546837333919
676;23.0;-31.17691453623979;0.0032804704707557007
677;21.5;-32.04293994002423;0.004762877101912165
678;20.0;-32.90896534380867;0.02362108107219281
679;18.5;-33.77499074759311;0.012823457632243554
680;17.0;-34.64101615137755;0.0010723121192265112
681;15.5;-35.50704155516198;0.027294751221227327
682;14.0;-36.373066958946424;0.026801207707842122
683;12.5;-37.239092362730865;0.0003166733058927862
684;11.0;-38.1051177665153;0.02327653890374934
685;9.5;-38.97114317029974;0.03858238254238029
686;8.0;-39.83716857408418;0.004679152936113493
687;6.5;-40.703193977868615;0.015173041160168698
688;5.0;-41.569219381653056;0.04330225473621255
689;3.5;-42.4352447854375;0.011680973896576696
690;2.0;-43.30127018922193;0.007798058853518714
691;0.5;-44.16729559300637;0.04137027553364906
692;65.0;-5.1961524227066365;3.440327877140797e-10
693;63.5;-6.06217782649107;1.3312101570934537e-09
694;62.0;-6.928203230275511;7.646276886366684e-09
695;60.5;-7.7942286340599525;5.7467698094317585e-09
696;59.0;-8.660254037844387;1.1937816688399838e-07
697;57.5;-9.526279441628828;3.104149769293937e-08
698;56.0;-10.39230484541327;4.3554532499188e-07
699;54.5;-11.258330249197707;1.5895772679563212e-06
700;53.0;-12.124355652982144;4.930259664568007e-08
701;51.5;-12.990381056766582;5.377343876577653e-06
702;50.0;-13.856406460551023;1.3156213713270512e-05
703;48.5;-14.72243186433546;4.209431737640581e-07
704;47.0;-15.588457268119898;3.2224083436558134e-05
705;45.5;-16.454482671904337;8.22628064058914e-05
706;44.0;-17.320508075688775;9.615672767684664e-06
707;42.5;-18.186533479473212;0.00011017079994589396
708;41.0;-19.052558883257653;0.00038202283556329676
709;39.5;-19.91858428704209;0.00012003864028908093
710;38.0;-20.784609690826528;0.00020140116473391946
711;36.5;-21.650635094610966;0.0012635659319674753
712;35.0;-22.516660498395407;0.0008025283973579999
713;33.5;-23.382685902179844;0.00012365679175370067
714;32.0;-24.24871130596428;0.0028789399861536683
715;30.5;-25.114736709748723;0.003245991310806324
716;29.0;-25.98076211353316;2.9728146482073132e-05
717;27.5;-26.846787517317598;0.004344200572834283
718;26.0;-27.71281292110204;0.00863237284261345
719;24.5;-28.578838324886476;0.001502623554135527
720;23.0;-29.444863728670914;0.003979112523964388
721;21.5;-30.310889132455355;0.01594890743802256
722;20.0;-31.176914536239792;0.007170349746858232
723;18.5;-32.04293994002423;0.0016362683062555437
724;17.0;-32.908965343808674;0.0213121671138768
725;15.5;-33.774990747593115;0.017546993353839302
726;14.0;-34.64101615137755;2.251931594128753e-06
727;12.5;-35.50704155516199;0.021291315791777416
728;11.0;-36.373066958946424;0.029023146147414313
729;9.5;-37.239092362730865;0.0019234789517748928
730;8.0;-38.105117766515306;0.016389032067457614
731;6.5;-38.97114317029974;0.03670413421581251
732;5.0;-39.83716857408418;0.007210224528367903
733;3.5;-40.70319397786862;0.010002677187617267
734;2.0;-41.569219381653056;0.038567135593839987
735;0.5;-42.4352447854375;0.01324575990752086
736;65.0;-3.4641016151377544;3.4403384503330386e-10
737;63.5;-4.330127018922188;3.0287174065997427e-09
738;62.0;-5.196152422706629;2.59666004980214e-09
739;60.5;-6.06217782649107;2.6650583239269782e-08
740;59.0;-6.928203230275504;7.274048249999807e-08
741;57.5;-7.794228634059945;2.8671589124656454e-08
742;56.0;-8.660254037844387;6.991360393506429e-07
743;54.5;-9.526279441628825;3.609925525742223e-07
744;53.0;-10.392304845413262;1.0789960792853758e-06
745;51.5;-11.2583302491977;6.456412643296799e-06
746;50.0;-12.12435565298214;1.7114948023141627e-06
747;48.5;-12.990381056766578;8.870603128141788e-06
748;47.0;-13.856406460551016;4.0010935428485246e-05
749;45.5;-14.722431864335457;1.1514220134251482e-05
750;44.0;-15.588457268119894;3.562867116341558e-05
751;42.5;-16.45448267190433;0.0001848821235427353
752;41.0;-17.32050807568877;8.188765304415842e-05
753;39.5;-18.18653347947321;7.377428311386123e-05
754;38.0;-19.052558883257646;0.0006324116563968237
755;36.5;-19.918584287042084;0.00045603983456576295
756;35.0;-20.784609690826525;5.2095927933629046e-05
757;33.5;-21.650635094610962;0.0015562258496871634
758;32.0;-22.5166604983954;0.0018092821016479621
759;30.5;-23.38268590217984;1.1008344995527587e-05
760;29.0;-24.248711305964278;0.002654442566493738
761;27.5;-25.114736709748716;0.005092658923412001
762;26.0;-25.980762113533157;0.0007290011300422343
763;24.5;-26.846787517317594;0.0029318848710591133
764;23.0;-27.71281292110203;0.010372177387408034
765;21.5;-28.578838324886473;0.003995350127958712
766;20.0;-29.44486372867091;0.0017314813469764686
767;18.5;-30.310889132455348;0.015657197341046335
768;17.0;-31.17691453623979;0.0111378613423088
769;15.5;-32.042939940024226;0.00018283972616187487
770;14.0;-32.90896534380867;0.01794676919154637
771;12.5;-33.77499074759311;0.02085567847920508
772;11.0;-34.64101615137754;0.0005976253183863704
773;9.5;-35.50704155516198;0.016003345252990596
774;8.0;-36.373066958946424;0.0295417496400889
775;6.5;-37.23909236273086;0.004040328438103363
776;5.0;-38.1051177665153;0.011378529670076501
777;3.5;-38.97114317029974;0.03419778243262476
778;2.0;-39.837168574084174;0.009287521474179205
779;0.5;-40.703193977868615;0.0066088684569124345
780;65.0;-1.7320508075688796;3.4403433223155773e-10
781;63.5;-2.5980762113533133;5.414293042953178e-09
782;62.0;-3.4641016151377544;1.6639284220426767e-11
783;60.5;-4.330127018922195;4.588473270057421e-08
784;59.0;-5.196152422706629;1.1332631191941512e-08
785;57.5;-6.06217782649107;1.9274785199179823e-07
786;56.0;-6.928203230275511;4.44645501078744e-07
787;54.5;-7.794228634059949;5.537504992413783e-08
788;53.0;-8.660254037844387;2.688198959923545e-06
789;51.5;-9.526279441628825;2.256607183256476e-06
790;50.0;-10.392304845413266;1.5195706514284508e-06
791;48.5;-11.258330249197703;1.83748936389324e-05
792;47.0;-12.12435565298214;1.120284793802163e-05
793;45.5;-12.990381056766582;8.597576593462824e-06
794;44.0;-13.85640646055102;8.765141205560529e-05
795;42.5;-14.722431864335457;5.818887483989931e-05
796;41.0;-15.588457268119898;2.06839588505604e-05
797;39.5;-16.454482671904334;0.00031111211464373645
798;38.0;-17.32050807568877;0.00027418737943249937
799;36.5;-18.18653347947321;1.4384712481159392e-05
800;35.0;-19.05255888325765;0.0008164066182984903
801;33.5;-19.918584287042087;0.0010388558430304128
802;32.0;-20.784609690826525;9.5274223197526e-06
803;30.5;-21.650635094610966;0.0015380365903901122
804;29.0;-22.516660498395403;0.003007330074912515
805;27.5;-23.38268590217984;0.00039368876236790893
806;26.0;-24.24871130596428;0.0019680628349077025
807;24.5;-25.11473670974872;0.006584818614281676
808;23.0;-25.980762113533157;0.0022750047390445944
809;21.5;-26.846787517317598;0.0014926717999362209
810;20.0;-27.712812921102035;0.010987200452682575
811;18.5;-28.578838324886473;0.006975198906869706
812;17.0;-29.444863728670914;0.00038387255983639914
813;15.5;-30.31088913245535;0.014174777486160363
814;14.0;-31.17691453623979;0.014506695384764493
815;12.5;-32.04293994002423;0.00010919029352685815
816;11.0;-32.90896534380867;0.014392460924519594
817;9.5;-33.77499074759311;0.02278611322832287
818;8.0;-34.64101615137755;0.0020586918461604764
819;6.5;-35.50704155516198;0.011731827178080804
820;5.0;-36.373066958946424;0.028979535337094745
821;3.5;-37.239092362730865;0.006124038295732894
822;2.0;-38.1051177665153;0.007841923862976753
823;0.5;-38.97114317029974;0.03156546834121638
824;63.5;-0.8660254037844386;8.487938490247666e-09
825;62.0;-1.7320508075688796;6.030836076856464e-09
826;60.5;-2.5980762113533205;4.41549146305068e-08
827;59.0;-3.4641016151377544;1.1610764362266879e-08
828;57.5;-4.330127018922195;2.9755368854912923e-07
829;56.0;-5.1961524227066365;5.1887185366107065e-08
830;54.5;-6.062177826491074;8.138474433814045e-07
831;53.0;-6.928203230275511;1.9719330302156955e-06
832;51.5;-7.794228634059949;1.8872920515413117e-08
833;50.0;-8.66025403784439;7.479720820292086e-06
834;48.5;-9.526279441628828;9.326228618531685e-06
835;47.0;-10.392304845413266;8.827225461185628e-07
836;45.5;-11.258330249197707;3.942867198832494e-05
837;44.0;-12.124355652982144;4.134583952942306e-05
838;42.5;-12.990381056766582;3.0070205128999565e-06
839;41.0;-13.856406460551023;0.00014825792127775095
840;39.5;-14.72243186433546;0.00017135889435132646
841;38.0;-15.588457268119898;1.1659425862647059e-06
842;36.5;-16.454482671904334;0.00041417589709829194
843;35.0;-17.320508075688775;0.0006140544431610058
844;33.5;-18.186533479473212;1.3384397316458458e-05
845;32.0;-19.05255888325765;0.0008494111297611712
846;30.5;-19.91858428704209;0.0017896653913384456
847;29.0;-20.784609690826528;0.000244025791423939
848;27.5;-21.650635094610966;0.0012248280860624975
849;26.0;-22.516660498395407;0.004122209939012925
850;24.5;-23.382685902179844;0.0013530659924024307
851;23.0;-24.24871130596428;0.0011188951924630034
852;21.5;-25.114736709748723;0.007453234020159022
853;20.0;-25.98076211353316;0.004380419996685276
854;18.5;-26.846787517317598;0.00045378366722871984
855;17.0;-27.71281292110204;0.010631736526823334
856;15.5;-28.578838324886476;0.009893329528627851
857;14.0;-29.444863728670914;1.920924124018549e-06
858;12.5;-30.310889132455355;0.012098755529817248
859;11.0;-31.176914536239792;0.017008850335415535
860;9.5;-32.04293994002423;0.0009598917171022159
861;8.0;-32.908965343808674;0.011146691158656937
862;6.5;-33.77499074759311;0.02361949906708337
863;5.0;-34.64101615137755;0.003834112304436834
864;3.5;-35.50704155516199;0.008459866626947627
865;2.0;-36.373066958946424;0.027825866721231662
866;0.5;-37.239092362730865;0.007940965894402992
867;63.5;0.8660254037844435;8.487939052624301e-09
868;62.0;2.4424906541753444e-15;2.8828082699042016e-08
869;60.5;-0.8660254037844386;1.7548946566835136e-08
870;59.0;-1.7320508075688725;1.0104993404654985e-07
871;57.5;-2.5980762113533133;1.9160935069452575e-07
872;56.0;-3.4641016151377544;1.0093223937254556e-07
873;54.5;-4.330127018922192;1.2767228718093538e-06
874;53.0;-5.196152422706629;2.521257669207833e-07
875;51.5;-6.062177826491067;2.3766161778257296e-06
876;50.0;-6.928203230275508;6.747190201601989e-06
877;48.5;-7.794228634059945;1.0175138182803064e-07
878;47.0;-8.660254037844384;1.594738003948184e-05
879;45.5;-9.526279441628825;2.8512350064012582e-05
880;44.0;-10.392304845413262;2.2765693973204485e-08
881;42.5;-11.2583302491977;6.665324118091045e-05
882;41.0;-12.12435565298214;0.00010903641072119375
883;39.5;-12.990381056766578;8.359555222297681e-07
884;38.0;-13.856406460551016;0.000200793969694796
885;36.5;-14.722431864335453;0.0003713924459214653
886;35.0;-15.588457268119894;1.9614415660874056e-05
887;33.5;-16.45448267190433;0.00044612475992500297
888;32.0;-17.320508075688767;0.0010760443231341205
889;30.5;-18.18653347947321;0.00017317987953791798
890;29.0;-19.052558883257646;0.0007119887814750391
891;27.5;-19.918584287042084;0.002562269252614025
892;26.0;-20.784609690826525;0.0008530429132817622
893;24.5;-21.650635094610962;0.0007518782302240154
894;23.0;-22.5166604983954;0.004932805022723927
895;21.5;-23.38268590217984;0.002796530046798211
896;20.0;-24.248711305964278;0.0004059168990543413
897;18.5;-25.114736709748716;0.007653963356545562
898;17.0;-25.980762113533157;0.006692568604611694
899;15.5;-26.846787517317594;1.3286963525120173e-05
900;14.0;-27.71281292110203;0.009619558557934582
901;12.5;-28.578838324886473;0.012405551662064983
902;11.0;-29.44486372867091;0.00041712531415086126
903;9.5;-30.310889132455348;0.009887491843942758
904;8.0;-31.17691453623979;0.018648635340120893
905;6.5;-32.042939940024226;0.002314425547173477
906;5.0;-32.90896534380867;0.008421027847355426
907;3.5;-33.77499074759311;0.02368451454866437
908;2.0;-34.64101615137754;0.005600028658477138
909;0.5;-35.50704155516198;0.0060370996023204945
910;62.0;1.7320508075688774;6.860120844272867e-08
911;60.5;0.8660254037844364;1.3925237897361525e-09
912;59.0;2.4424906541753444e-15;2.0282028475723905e-07
913;57.5;-0.8660254037844386;1.4363819777834975e-08
914;56.0;-1.7320508075688796;5.706743028951446e-07
915;54.5;-2.598076211353317;6.597075510389757e-07
916;53.0;-3.4641016151377544;3.941349104816264e-07
917;51.5;-4.330127018922192;4.176905699653468e-06
918;50.0;-5.196152422706633;1.1149429308180665e-06
919;48.5;-6.06217782649107;5.191818215795544e-06
920;47.0;-6.928203230275508;1.8596762346987457e-05
921;45.5;-7.794228634059949;1.8124720201792433e-06
922;44.0;-8.660254037844387;2.6924148677757092e-05
923;42.5;-9.526279441628825;6.913907102535106e-05
924;41.0;-10.392304845413266;5.188873806866778e-06
925;39.5;-11.258330249197703;9.077819500789506e-05
926;38.0;-12.12435565298214;0.00022754122422648446
927;36.5;-12.990381056766578;2.6023972553909756e-05
928;35.0;-13.85640646055102;0.0002203067930202627
929;33.5;-14.722431864335457;0.0006528267725300726
930;32.0;-15.588457268119894;0.00013645632472494355
931;30.5;-16.454482671904334;0.00038586067308873066
932;29.0;-17.32050807568877;0.0015874563213800089
933;27.5;-18.18653347947321;0.0005729200293331291
934;26.0;-19.05255888325765;0.00045847239826827884
935;24.5;-19.918584287042087;0.0032066501620055823
936;23.0;-20.784609690826525;0.001832998896123662
937;21.5;-21.650635094610966;0.0003010817780028051
938;20.0;-22.516660498395403;0.005333322643158315
939;18.5;-23.38268590217984;0.004534616174468037
940;17.0;-24.24871130596428;3.2249108012007266e-05
941;15.5;-25.11473670974872;0.007302251982453067
942;14.0;-25.980762113533157;0.008917828202262912
943;12.5;-26.846787517317598;0.00017691319154931
944;11.0;-27.712812921102035;0.008273097979853596
945;9.5;-28.578838324886473;0.014366301645814376
946;8.0;-29.444863728670914;0.0013782018606173412
947;6.5;-30.31088913245535;0.007823673459631433
948;5.0;-31.17691453623979;0.019564912965113288
949;3.5;-32.042939940024226;0.0038603336865698523
950;2.0;-32.90896534380867;0.0062511797532863915
951;0.5;-33.77499074759311;0.023266045404815208
952;62.0;3.464101615137756;6.860120894540692e-08
953;60.5;2.598076211353315;8.954120483747904e-08
954;59.0;1.732050807568881;1.7060179712335654e-07
955;57.5;0.8660254037844399;1.092351268407181e-07
956;56.0;-1.1102230246251565e-15;7.661121153987817e-07
957;54.5;-0.8660254037844386;3.225971989231252e-09
958;53.0;-1.732050807568876;2.0736713956957095e-06
959;51.5;-2.5980762113533133;2.0049059214635174e-06
960;50.0;-3.4641016151377544;9.75829457168654e-07
961;48.5;-4.330127018922192;1.1118647277349882e-05
962;47.0;-5.196152422706629;4.1365099922008755e-06
963;45.5;-6.06217782649107;8.797856992501532e-06
964;44.0;-6.928203230275508;4.270788146528865e-05
965;42.5;-7.794228634059945;9.772775626237471e-06
966;41.0;-8.660254037844387;3.644639128516725e-05
967;39.5;-9.526279441628825;0.0001393737309244275
968;38.0;-10.392304845413262;3.0877055404503626e-05
969;36.5;-11.2583302491977;9.96623649661311e-05
970;35.0;-12.12435565298214;0.0003977671602937203
971;33.5;-12.990381056766578;0.00011465574127084847
972;32.0;-13.856406460551016;0.00019234989873635755
973;30.5;-14.722431864335457;0.000981242142970876
974;29.0;-15.588457268119894;0.0004080222904697203
975;27.5;-16.454482671904334;0.0002530374679673142
976;26.0;-17.320508075688767;0.0020564150128562857
977;24.5;-18.18653347947321;0.001240119215844445
978;23.0;-19.05255888325765;0.00019081997940396963
979;21.5;-19.918584287042084;0.00361985597502791
980;20.0;-20.784609690826525;0.0031000283239266094
981;18.5;-21.650635094610962;3.237674470136087e-05
982;17.0;-22.5166604983954;0.005331682423152717
983;15.5;-23.38268590217984;0.00636395538415748
984;14.0;-24.248711305964278;8.065922469276642e-05
985;12.5;-25.114736709748716;0.006582626853037429
986;11.0;-25.980762113533157;0.01086961290553643
987;9.5;-26.846787517317594;0.0008353798967312464
988;8.0;-27.71281292110203;0.0068451413495191
989;6.5;-28.578838324886473;0.015769248913702672
990;5.0;-29.44486372867091;0.0026443355362030505
991;3.5;-30.310889132455348;0.006043981952291994
992;2.0;-31.17691453623979;0.01993630608680896
993;0.5;-32.042939940024226;0.005397504605262145
994;60.5;4.33012701892219;3.148923044985669e-07
995;59.0;3.464101615137756;1.295170345751892e-08
996;57.5;2.598076211353315;5.528619194308872e-07
997;56.0;1.7320508075688739;2.9677567421582814e-07
998;54.5;0.8660254037844364;6.699169554985123e-07
999;53.0;-1.1102230246251565e-15;2.2404658987131134e-06
1000;51.5;-0.8660254037844386;5.806850014943034e-10
1001;50.0;-1.7320508075688796;5.778191431205578e-06
1002;48.5;-2.598076211353317;5.506642601326883e-06
1003;47.0;-3.4641016151377544;1.6916228231927033e-06
1004;45.5;-4.330127018922195;2.499958066497961e-05
1005;44.0;-5.196152422706633;1.2737830090691185e-05
1006;42.5;-6.06217782649107;1.1621178669549156e-05
1007;41.0;-6.928203230275511;8.396472041598046e-05
1008;39.5;-7.794228634059949;3.327653910021919e-05
1009;38.0;-8.660254037844387;3.904944183263138e-05
1010;36.5;-9.526279441628825;0.0002414858170686247
1011;35.0;-10.392304845413266;9.922149838839624e-05
1012;33.5;-11.258330249197703;8.531038012996022e-05
1013;32.0;-12.12435565298214;0.0006040174067087959
1014;30.5;-12.990381056766582;0.0003047035775681627
1015;29.0;-13.85640646055102;0.0001237706703299464
1016;27.5;-14.722431864335459;0.001303694465454472
1017;26.0;-15.588457268119896;0.0008667468025067899
1018;24.5;-16.454482671904334;0.00010266534643734913
1019;23.0;-17.320508075688775;0.0024038508579121392
1020;21.5;-18.18653347947321;0.002148459984927701
1021;20.0;-19.05255888325765;2.0136353854181784e-05
1022;18.5;-19.918584287042087;0.0037660240939856927
1023;17.0;-20.784609690826525;0.004533103720070363
1024;15.5;-21.650635094610966;4.5644122678783844e-05
1025;14.0;-22.516660498395403;0.005011700494942326
1026;12.5;-23.38268590217984;0.008120610003534139
1027;11.0;-24.24871130596428;0.0005347216870738962
1028;9.5;-25.11473670974872;0.00567830060684164
1029;8.0;-25.980762113533157;0.012463111223665176
1030;6.5;-26.846787517317598;0.0018352915305846554
1031;5.0;-27.712812921102035;0.0054986034295778745
1032;3.5;-28.578838324886473;0.016683894870164605
1033;2.0;-29.444863728670914;0.004026274978125812
1034;0.5;-30.31088913245535;0.004587119155481668
1035;60.5;6.062177826491069;3.148923049228615e-07
1036;59.0;5.196152422706635;2.001196741542962e-07
1037;57.5;4.330127018922194;7.350526761803885e-07
1038;56.0;3.4641016151377526;3.95119985834986e-08
1039;54.5;2.598076211353315;1.8584653820783267e-06
1040;53.0;1.7320508075688774;4.6013765353704546e-07
1041;51.5;0.8660254037844399;2.3131264121563246e-06
1042;50.0;-1.1102230246251565e-15;5.663014586633409e-06
1043;48.5;-0.8660254037844386;3.269419080460405e-09
1044;47.0;-1.732050807568876;1.3302406601902633e-05
1045;45.5;-2.598076211353317;1.3685081236603631e-05
1046;44.0;-3.4641016151377544;2.047619200160992e-06
1047;42.5;-4.330127018922192;4.86923888160573e-05
1048;41.0;-5.196152422706633;3.3111310850801705e-05
1049;39.5;-6.06217782649107;1.152362644654797e-05
1050;38.0;-6.928203230275508;0.0001444211550477241
1051;36.5;-7.794228634059945;8.63200860649052e-05
1052;35.0;-8.660254037844387;3.112320832460723e-05
1053;33.5;-9.526279441628825;0.00036853855862833984
1054;32.0;-10.392304845413262;0.00023532805295882548
1055;30.5;-11.258330249197703;5.070876214708491e-05
1056;29.0;-12.12435565298214;0.0008168726459230532
1057;27.5;-12.99038105676658;0.0006240746207656861
1058;26.0;-13.856406460551018;4.443756734884222e-05
1059;24.5;-14.722431864335457;0.0015660183606203265
1060;23.0;-15.588457268119896;0.0015129529115009567
1061;21.5;-16.454482671904334;7.169628307828101e-06
1062;20.0;-17.32050807568877;0.002584586026443379
1063;18.5;-18.18653347947321;0.003235402544963902
1064;17.0;-19.05255888325765;3.5526335502009704e-05
1065;15.5;-19.918584287042087;0.0036690029297858453
1066;14.0;-20.784609690826525;0.006013909005920778
1067;12.5;-21.650635094610966;0.00037330359321642484
1068;11.0;-22.516660498395403;0.004487711104949937
1069;9.5;-23.38268590217984;0.009698024016577671
1070;8.0;-24.24871130596428;0.0013165147120552856
1071;6.5;-25.11473670974872;0.004733165431887652
1072;5.0;-25.980762113533157;0.013687331458132926
1073;3.5;-26.846787517317594;0.003026494533011145
1074;2.0;-27.712812921102035;0.004318227049990885
1075;0.5;-28.578838324886473;0.017208509409581883
1076;59.0;6.928203230275513;1.0170722551729267e-06
1077;57.5;6.062177826491072;1.6810396160708106e-07
1078;56.0;5.196152422706631;1.1154061477314887e-06
1079;54.5;4.330127018922194;1.3560129151569467e-06
1080;53.0;3.464101615137756;4.691175651688354e-07
1081;51.5;2.5980762113533187;4.8366149919042266e-06
1082;50.0;1.7320508075688774;7.375597315435479e-07
1083;48.5;0.8660254037844399;5.938346923889547e-06
1084;47.0;2.4424906541753444e-15;1.2888696035544089e-05
1085;45.5;-0.8660254037844386;2.716200206860847e-09
1086;44.0;-1.732050807568876;2.6319813306835883e-05
1087;42.5;-2.5980762113533133;3.076970182191331e-05
1088;41.0;-3.4641016151377544;1.4975726700246724e-06
1089;39.5;-4.330127018922192;8.370214609686482e-05
1090;38.0;-5.196152422706629;7.435423741824946e-05
1091;36.5;-6.062177826491067;7.434773457794152e-06
1092;35.0;-6.928203230275508;0.00022110725725211545
1093;33.5;-7.794228634059945;0.00018546469848927178
1094;32.0;-8.660254037844384;1.4876111358620705e-05
1095;30.5;-9.526279441628825;0.0005045149896575815
1096;29.0;-10.392304845413262;0.0004605306750736671
1097;27.5;-11.258330249197702;1.2956437332792365e-05
1098;26.0;-12.124355652982139;0.0010015725603908484
1099;24.5;-12.990381056766578;0.001082857743183351
1100;23.0;-13.856406460551018;4.573887598359496e-07
1101;21.5;-14.722431864335455;0.0017284219267500276
1102;20.0;-15.588457268119894;0.0023195035968252196
1103;18.5;-16.45448267190433;3.650313610548981e-05
1104;17.0;-17.320508075688767;0.002592867937930986
1105;15.5;-18.18653347947321;0.00442659782156484
1106;14.0;-19.052558883257646;0.0002882221095416711
1107;12.5;-19.918584287042084;0.003390538951021957
1108;11.0;-20.784609690826525;0.007449665208587907
1109;9.5;-21.650635094610962;0.000991504683402956
1110;8.0;-22.5166604983954;0.0038681856946468367
1111;6.5;-23.38268590217984;0.011042186857589197
1112;5.0;-24.248711305964278;0.0023227451236639616
1113;3.5;-25.114736709748716;0.0038414318396573577
1114;2.0;-25.980762113533157;0.014574960680304795
1115;0.5;-26.846787517317594;0.004286057863695456
1116;59.0;8.660254037844387;1.017072255533408e-06
1117;57.5;7.794228634059947;3.5819660221248804e-07
1118;56.0;6.928203230275506;2.1495448461875053e-06
1119;54.5;6.062177826491069;1.1740332329971231e-08
1120;53.0;5.196152422706631;3.4202836553642676e-06
1121;51.5;4.330127018922194;2.293132814021042e-06
1122;50.0;3.4641016151377526;1.7967213878050977e-06
1123;48.5;2.598076211353315;1.0861537047212536e-05
1124;47.0;1.7320508075688774;1.3298966770325467e-06
1125;45.5;0.8660254037844364;1.251740436762969e-05
1126;44.0;-1.1102230246251565e-15;2.6856985206204248e-05
1127;42.5;-0.8660254037844386;1.7369377454068937e-07
1128;41.0;-1.7320508075688796;4.584366468982469e-05
1129;39.5;-2.598076211353317;6.280779754040021e-05
1130;38.0;-3.4641016151377544;2.7668325797138604e-07
1131;36.5;-4.330127018922192;0.00012881263761313022
1132;35.0;-5.196152422706633;0.00014745245898102654
1133;33.5;-6.06217782649107;1.5653539423588176e-06
1134;32.0;-6.928203230275508;0.0003053929209913012
1135;30.5;-7.794228634059949;0.0003461258760713029
1136;29.0;-8.660254037844387;1.0029000863333177e-06
1137;27.5;-9.526279441628827;0.0006279773877418115
1138;26.0;-10.392304845413264;0.0007866977315139011
1139;24.5;-11.258330249197703;1.5855654894074853e-06
1140;23.0;-12.124355652982143;0.001127821813825312
1141;21.5;-12.99038105676658;0.0016726496181223459
1142;20.0;-13.85640646055102;4.3387729167305376e-05
1143;18.5;-14.722431864335457;0.0017740480695785335
1144;17.0;-15.588457268119896;0.0032446678823339053
1145;15.5;-16.454482671904334;0.00024374933787084561
1146;14.0;-17.32050807568877;0.0024557555268430375
1147;12.5;-18.18653347947321;0.005655857695147109
1148;11.0;-19.05255888325765;0.0007886610937221624
1149;9.5;-19.918584287042087;0.003005591781632005
1150;8.0;-20.784609690826525;0.008776486746993785
1151;6.5;-21.650635094610966;0.0018393009177431678
1152;5.0;-22.516660498395403;0.003236124570534303
1153;3.5;-23.38268590217984;0.012138343385551597
1154;2.0;-24.24871130596428;0.0034512707981106355
1155;0.5;-25.11473670974872;0.003053536267782078
1156;57.5;9.526279441628825;2.5824337541952494e-06
1157;56.0;8.660254037844384;7.527946250531622e-07
1158;54.5;7.794228634059947;1.8435689988462725e-06
1159;53.0;6.92820323027551;3.832795228776904e-06
1160;51.5;6.062177826491072;1.1228693002569972e-07
1161;50.0;5.196152422706631;8.149467970359381e-06
1162;48.5;4.330127018922194;3.823067793416512e-06
1163;47.0;3.464101615137756;4.590195353711432e-06
1164;45.5;2.598076211353315;2.2007403693741482e-05
1165;44.0;1.7320508075688774;2.703982505801593e-06
1166;42.5;0.8660254037844399;2.2711059952308563e-05
1167;41.0;-1.1102230246251565e-15;5.1660950851122126e-05
1168;39.5;-0.8660254037844386;1.3325120066822832e-06
1169;38.0;-1.732050807568876;7.142167653624997e-05
1170;36.5;-2.5980762113533133;0.00011714962184918435
1171;35.0;-3.4641016151377544;6.295514891824185e-07
1172;33.5;-4.330127018922192;0.00017940282261429114
1173;32.0;-5.196152422706629;0.00026322989850380274
1174;30.5;-6.06217782649107;1.274581155360726e-06
1175;29.0;-6.928203230275508;0.00038439097357048207
1176;27.5;-7.794228634059947;0.0005787894829946389
1177;26.0;-8.660254037844386;8.932096792324896e-06
1178;24.5;-9.526279441628825;0.0007176483656689888
1179;23.0;-10.392304845413264;0.0012139810529536855
1180;21.5;-11.258330249197702;5.3508997654004056e-05
1181;20.0;-12.12435565298214;0.0011772521559362725
1182;18.5;-12.990381056766578;0.0023723115288346633
1183;17.0;-13.856406460551018;0.0002203009558158363
1184;15.5;-14.722431864335457;0.001709782424508589
1185;14.0;-15.588457268119894;0.004246874858377726
1186;12.5;-16.454482671904334;0.0006579152283831205
1187;11.0;-17.32050807568877;0.002220513803210555
1188;9.5;-18.18653347947321;0.006873468862450911
1189;8.0;-19.05255888325765;0.0015100707660997254
1190;6.5;-19.918584287042087;0.0025802168553059343
1191;5.0;-20.784609690826525;0.009954854211075012
1192;3.5;-21.650635094610962;0.0028395263097719782
1193;2.0;-22.516660498395403;0.0026446986762284044
1194;0.5;-23.38268590217984;0.012997442812343968
1195;57.5;11.2583302491977;2.5824337545103457e-06
1196;56.0;10.392304845413259;5.466501719484116e-07
1197;54.5;9.526279441628821;4.9524862025935915e-06
1198;53.0;8.660254037844384;3.599662692138589e-07
1199;51.5;7.794228634059947;5.257134699006989e-06
1200;50.0;6.928203230275506;6.348563876659814e-06
1201;48.5;6.062177826491069;8.090306586757943e-07
1202;47.0;5.196152422706631;1.679147557573666e-05
1203;45.5;4.33012701892219;6.496031323570641e-06
1204;44.0;3.4641016151377526;9.28315436137892e-06
1205;42.5;2.598076211353315;4.1087975080081444e-05
1206;41.0;1.7320508075688739;5.8658126392332005e-06
1207;39.5;0.8660254037844364;3.639966320333169e-05
1208;38.0;-1.1102230246251565e-15;9.226517955461183e-05
1209;36.5;-0.8660254037844386;5.62844820746371e-06
1210;35.0;-1.7320508075688796;0.00010060357094636808
1211;33.5;-2.598076211353317;0.0002012871015564068
1212;32.0;-3.4641016151377544;8.010202591558427e-06
1213;30.5;-4.330127018922195;0.00022787103348518542
1214;29.0;-5.196152422706633;0.00042993419910812173
1215;27.5;-6.062177826491072;1.982168990837188e-05
1216;26.0;-6.92820323027551;0.00044391914112953105
1217;24.5;-7.794228634059949;0.0008867063520770243
1218;23.0;-8.660254037844389;6.485521541073325e-05
1219;21.5;-9.526279441628827;0.0007577494965109837
1220;20.0;-10.392304845413266;0.0017327312862505096
1221;18.5;-11.258330249197703;0.00020722392586691838
1222;17.0;-12.124355652982143;0.0011467599655860857
1223;15.5;-12.990381056766582;0.003157546655370803
1224;14.0;-13.85640646055102;0.0005673227106082168
1225;12.5;-14.722431864335459;0.0015616876932835009
1226;11.0;-15.588457268119898;0.005295790822636939
1227;9.5;-16.454482671904334;0.0012804989082889615
1228;8.0;-17.320508075688775;0.001940116936180464
1229;6.5;-18.186533479473212;0.00803810196423183
1230;5.0;-19.05255888325765;0.002398862293748116
1231;3.5;-19.918584287042087;0.002161023588179576
1232;2.0;-20.784609690826528;0.010964988005863272
1233;0.5;-21.650635094610966;0.003916218219744001
1234;56.0;12.124355652982137;5.505373228071624e-06
1235;54.5;11.2583302491977;2.2083752102372975e-06
1236;53.0;10.392304845413262;2.6420765281321016e-06
1237;51.5;9.526279441628825;8.368383700769722e-06
1238;50.0;8.660254037844384;5.143489301908763e-08
1239;48.5;7.794228634059947;1.1690220334204117e-05
1240;47.0;6.92820323027551;1.022899204202502e-05
1241;45.5;6.062177826491069;2.399431054442345e-06
1242;44.0;5.196152422706631;3.131026553155042e-05
1243;42.5;4.330127018922194;1.1310871379384596e-05
1244;41.0;3.4641016151377526;1.5904521714071967e-05
1245;39.5;2.598076211353315;7.148966732642164e-05
1246;38.0;1.7320508075688774;1.2761070850653337e-05
1247;36.5;0.8660254037844399;5.231691701363709e-05
1248;35.0;-1.1102230246251565e-15;0.00015382364940430952
1249;33.5;-0.8660254037844386;1.7284280582025386e-05
1250;32.0;-1.732050807568876;0.00012898920132179504
1251;30.5;-2.598076211353317;0.00032132802982520937
1252;29.0;-3.4641016151377544;3.180349367411113e-05
1253;27.5;-4.330127018922194;0.00026512638587609954
1254;26.0;-5.196152422706631;0.0006513490688316841
1255;24.5;-6.06217782649107;7.583323434026641e-05
1256;23.0;-6.92820323027551;0.000471947118054149
1257;21.5;-7.794228634059947;0.001265973474755275
1258;20.0;-8.660254037844387;0.00019877730461455827
1259;18.5;-9.526279441628825;0.0007415173734252454
1260;17.0;-10.392304845413264;0.0023289423542066285
1261;15.5;-11.258330249197703;0.0004985488920994108
1262;14.0;-12.12435565298214;0.0010480445415754615
1263;12.5;-12.99038105676658;0.004011541346465538
1264;11.0;-13.85640646055102;0.0011058279307704986
1265;9.5;-14.722431864335457;0.0013681214890378954
1266;8.0;-15.588457268119896;0.006372959266110176
1267;6.5;-16.454482671904334;0.002080153982339525
1268;5.0;-17.32050807568877;0.0016546412554364672
1269;3.5;-18.18653347947321;0.009113564616944778
1270;2.0;-19.05255888325765;0.0033903868679191883
1271;0.5;-19.918584287042087;0.0017752861381948421
1272;56.0;13.856406460551016;5.505373228356057e-06
1273;54.5;12.990381056766578;7.401039249716221e-07
1274;53.0;12.12435565298214;9.681474538616326e-06
1275;51.5;11.258330249197703;1.606225256394772e-06
1276;50.0;10.392304845413262;7.107686682173084e-06
1277;48.5;9.526279441628825;1.3292497735921436e-05
1278;47.0;8.660254037844387;4.8761109496382444e-08
1279;45.5;7.794228634059947;2.2536749866108256e-05
1280;44.0;6.92820323027551;1.6374554852859096e-05
1281;42.5;6.062177826491072;4.983585341124897e-06
1282;41.0;5.196152422706631;5.4040297058179234e-05
1283;39.5;4.330127018922194;1.995506748498175e-05
1284;38.0;3.464101615137756;2.384264596223661e-05
1285;36.5;2.5980762113533187;0.00011675464825415585
1286;35.0;1.7320508075688774;2.6723975224266442e-05
1287;33.5;0.8660254037844399;6.798218444089957e-05
1288;32.0;2.4424906541753444e-15;0.00024070829153021283
1289;30.5;-0.8660254037844386;4.314236488740633e-05
1290;29.0;-1.732050807568876;0.00015094992703263335
1291;27.5;-2.598076211353315;0.000480581047014313
1292;26.0;-3.4641016151377526;8.535617377285795e-05
1293;24.5;-4.330127018922192;0.00028268756550870676
1294;23.0;-5.196152422706631;0.0009261413146769464
1295;21.5;-6.062177826491069;0.00019199367965118185
1296;20.0;-6.928203230275508;0.0004614626669146642
1297;18.5;-7.794228634059945;0.001708140415317806
1298;17.0;-8.660254037844386;0.00044218946087757943
1299;15.5;-9.526279441628825;0.0006724120844993188
1300;14.0;-10.392304845413262;0.002992278492442989
1301;12.5;-11.258330249197702;0.0009587206795602024
1302;11.0;-12.12435565298214;0.0009049712407407739
1303;9.5;-12.990381056766578;0.0049339548861160815
1304;8.0;-13.856406460551018;0.0018354961931309583
1305;6.5;-14.722431864335457;0.0011711529825341057
1306;5.0;-15.588457268119894;0.007445271345616569
1307;3.5;-16.454482671904334;0.0030016932420421963
1308;2.0;-17.32050807568877;0.0013866659467263892
1309;0.5;-18.18653347947321;0.010072364908437164
1310;54.5;14.722431864335455;1.0282579096561784e-05
1311;53.0;13.856406460551018;5.067964000569497e-06
1312;51.5;12.99038105676658;3.400843148475935e-06
1313;50.0;12.124355652982139;1.547158668461922e-05
1314;48.5;11.258330249197702;9.601325851635177e-07
1315;47.0;10.392304845413264;1.4951405477528449e-05
1316;45.5;9.526279441628823;2.0488946340162383e-05
1317;44.0;8.660254037844386;4.91038463643475e-07
1318;42.5;7.794228634059949;3.942511813704502e-05
1319;41.0;6.928203230275508;2.6202283781313943e-05
1320;39.5;6.06217782649107;8.318043612194746e-06
1321;38.0;5.196152422706633;8.742253729354614e-05
1322;36.5;4.330127018922195;3.507498698008591e-05
1323;35.0;3.4641016151377544;3.176205897618404e-05
1324;33.5;2.598076211353317;0.0001799529327269908
1325;32.0;1.7320508075688792;5.2847759184611034e-05
1326;30.5;0.8660254037844382;8.00397373158984e-05
1327;29.0;6.661338147750939e-16;0.00035549034618280543
1328;27.5;-0.8660254037844386;9.28523355412146e-05
1329;26.0;-1.732050807568876;0.0001608665982479635
1330;24.5;-2.598076211353315;0.0006787147384556356
1331;23.0;-3.4641016151377544;0.00018548413137347848
1332;21.5;-4.330127018922192;0.00027477680324372963
1333;20.0;-5.196152422706631;0.001248764283879788
1334;18.5;-6.062177826491069;0.00039394208609569485
1335;17.0;-6.928203230275508;0.0004121450263262248
1336;15.5;-7.794228634059947;0.0022051673923287733
1337;14.0;-8.660254037844386;0.0008277597483039626
1338;12.5;-9.526279441628825;0.0005635168195665199
1339;11.0;-10.392304845413262;0.0037266084503062634
1340;9.5;-11.258330249197702;0.0016127755837402518
1341;8.0;-12.12435565298214;0.0007507285461385348
1342;6.5;-12.990381056766578;0.005938983803273398
1343;5.0;-13.856406460551018;0.0027106470001273656
1344;3.5;-14.722431864335457;0.0009921413917150753
1345;2.0;-15.588457268119894;0.008468724590959268
1346;0.5;-16.454482671904334;0.003984539554205201
1347;54.5;16.454482671904334;1.0282579096826032e-05
1348;53.0;15.588457268119894;9.1285074212774e-07
1349;51.5;14.722431864335457;1.6771902661912524e-05
1350;50.0;13.856406460551016;4.3649921129007966e-06
1351;48.5;12.990381056766578;8.723342696017627e-06
1352;47.0;12.12435565298214;2.3489221011108294e-05
1353;45.5;11.2583302491977;4.3529343171260864e-07
1354;44.0;10.392304845413262;2.7323745125801673e-05
1355;42.5;9.526279441628825;3.111633949130322e-05
1356;41.0;8.660254037844384;1.3458943349807757e-06
1357;39.5;7.794228634059947;6.404669408751834e-05
1358;38.0;6.92820323027551;4.180787255046858e-05
1359;36.5;6.062177826491072;1.174836566622071e-05
1360;35.0;5.196152422706631;0.00013359191729876843
1361;33.5;4.330127018922194;6.051082707465902e-05
1362;32.0;3.464101615137756;3.776112578398015e-05
1363;30.5;2.598076211353315;0.0002629631475419879
1364;29.0;1.7320508075688774;9.816765977438315e-05
1365;27.5;0.8660254037844382;8.49800242320013e-05
1366;26.0;6.661338147750939e-16;0.0004981516095814081
1367;24.5;-0.8660254037844386;0.00017872576042235726
1368;23.0;-1.7320508075688779;0.00015457698920356768
1369;21.5;-2.598076211353315;0.0009117771366351814
1370;20.0;-3.4641016151377544;0.0003519926471937349
1371;18.5;-4.330127018922192;0.00023993656524839667
1372;17.0;-5.196152422706631;0.001611968571972103
1373;15.5;-6.06217782649107;0.0007106412642409433
1374;14.0;-6.928203230275509;0.0003308177805791419
1375;12.5;-7.794228634059947;0.0027572289173837905
1376;11.0;-8.660254037844386;0.0013918454797097047
1377;9.5;-9.526279441628825;0.00043624911592936603
1378;8.0;-10.392304845413264;0.004564191756022377
1379;6.5;-11.258330249197703;0.0024666497247734947
1380;5.0;-12.12435565298214;0.0006250464670490275
1381;3.5;-12.99038105676658;0.0069826327981077725
1382;2.0;-13.856406460551018;0.0036635659482138296
1383;0.5;-14.722431864335457;0.0008353524820036148
1384;53.0;17.320508075688775;1.7322895677441934e-05
1385;51.5;16.454482671904334;9.85909223516718e-06
1386;50.0;15.58845726811989;4.0244175002751505e-06
1387;48.5;14.722431864335455;2.5429698679668188e-05
1388;47.0;13.856406460551018;3.583591222082753e-06
1389;45.5;12.990381056766577;1.752930264045243e-05
1390;44.0;12.124355652982139;3.4656520955651225e-05
1391;42.5;11.258330249197702;1.2319555561985256e-07
1392;41.0;10.39230484541326;4.5405064915576823e-05
1393;39.5;9.526279441628823;4.6823801712484406e-05
1394;38.0;8.660254037844386;2.362424876015049e-06
1395;36.5;7.794228634059949;9.788112306780908e-05
1396;35.0;6.928203230275508;6.610679884689314e-05
1397;33.5;6.06217782649107;1.4283315056534335e-05
1398;32.0;5.196152422706633;0.00019387437696819702
1399;30.5;4.330127018922192;0.00010142767994883383
1400;29.0;3.4641016151377544;3.9793135475731724e-05
1401;27.5;2.598076211353315;0.00036581992409078575
1402;26.0;1.7320508075688774;0.00017163227048122494
1403;24.5;0.8660254037844382;8.011101830401436e-05
1404;23.0;-1.1102230246251565e-15;0.0006657294690459237
1405;21.5;-0.8660254037844386;0.00031551525395197803
1406;20.0;-1.7320508075688779;0.00013074051027706728
1407;18.5;-2.598076211353315;0.0011731551050683684
1408;17.0;-3.4641016151377544;0.0006080881509546744
1409;15.5;-4.330127018922194;0.000182019869855365
1410;14.0;-5.196152422706632;0.002011186256536972
1411;12.5;-6.06217782649107;0.0011779259817746232
1412;11.0;-6.928203230275509;0.0002310970940047557
1413;9.5;-7.794228634059947;0.0033865441583567886
1414;8.0;-8.660254037844387;0.0021782966568892827
1415;6.5;-9.526279441628825;0.000320174684231885
1416;5.0;-10.392304845413264;0.005575057235409394
1417;3.5;-11.258330249197703;0.003429416584762066
1418;2.0;-12.12435565298214;0.0005305997899913453
1419;0.5;-12.99038105676658;0.00799770031020342
1420;53.0;19.05255888325765;1.732289567769322e-05
1421;51.5;18.186533479473212;1.0448093821995915e-06
1422;50.0;17.32050807568877;2.648146198806807e-05
1423;48.5;16.454482671904334;9.221496887259422e-06
1424;47.0;15.588457268119894;9.920921323676198e-06
1425;45.5;14.722431864335453;3.696443476870469e-05
1426;44.0;13.856406460551016;2.89060590258963e-06
1427;42.5;12.990381056766578;3.064717185773914e-05
1428;41.0;12.124355652982137;5.025843228910358e-05
1429;39.5;11.2583302491977;1.0914744208918236e-08
1430;38.0;10.392304845413262;7.022120088265691e-05
1431;36.5;9.526279441628825;6.983061978349011e-05
1432;35.0;8.660254037844384;3.1077506295084375e-06
1433;33.5;7.794228634059947;0.00014184655840113137
1434;32.0;6.92820323027551;0.00010291192258006462
1435;30.5;6.062177826491069;1.484366650210072e-05
1436;29.0;5.196152422706631;0.0002682818025563798
1437;27.5;4.330127018922192;0.00016430728352088774
1438;26.0;3.4641016151377544;3.630750053228376e-05
1439;24.5;2.598076211353315;0.0004862609300127115
1440;23.0;1.7320508075688756;0.0002839649234415424
1441;21.5;0.8660254037844382;6.462529371829292e-05
1442;20.0;-1.1102230246251565e-15;0.0008524607022010843
1443;18.5;-0.8660254037844386;0.0005206232978905622
1444;17.0;-1.7320508075688779;9.20047294821661e-05
1445;15.5;-2.598076211353317;0.0014554924143689704
1446;14.0;-3.4641016151377553;0.0009831221232903104
1447;12.5;-4.330127018922194;0.00011078249285987865
1448;11.0;-5.196152422706632;0.0024525080290815444
1449;9.5;-6.06217782649107;0.001848324507367713
1450;8.0;-6.92820323027551;0.00013275181028082363
1451;6.5;-7.794228634059948;0.004168723214080683
1452;5.0;-8.660254037844387;0.003223160030264429
1453;3.5;-9.526279441628827;0.0002593737951034584
1454;2.0;-10.392304845413264;0.006657902611731597
1455;0.5;-11.258330249197703;0.004408310826849766
1456;51.5;19.91858428704209;2.687631788469651e-05
1457;50.0;19.05255888325765;1.7006180305197902e-05
1458;48.5;18.186533479473212;4.449241360045628e-06
1459;47.0;17.320508075688775;3.8272053372025395e-05
1460;45.5;16.454482671904334;8.585422010119427e-06
1461;44.0;15.588457268119894;1.9181425926268635e-05
1462;42.5;14.722431864335457;5.236210820803846e-05
1463;41.0;13.856406460551016;2.4128335360195573e-06
1464;39.5;12.990381056766578;4.878818991824188e-05
1465;38.0;12.12435565298214;7.198288767762809e-05
1466;36.5;11.258330249197703;5.473096678230305e-10
1467;35.0;10.392304845413262;0.00010240128392774142
1468;33.5;9.526279441628825;0.00010296272573589707
1469;32.0;8.660254037844387;3.116585267071438e-06
1470;30.5;7.794228634059947;0.00019592436169519944
1471;29.0;6.92820323027551;0.0001569147842517034
1472;27.5;6.06217782649107;1.2681227206976948e-05
1473;26.0;5.196152422706633;0.00035508917051575695
1474;24.5;4.330127018922194;0.000256824830282996
1475;23.0;3.4641016151377544;2.7040699425806814e-05
1476;21.5;2.598076211353317;0.0006195242284382255
1477;20.0;1.7320508075688774;0.0004476586255946093
1478;18.5;0.8660254037844399;4.070133520142885e-05
1479;17.0;6.661338147750939e-16;0.0010503484385267668
1480;15.5;-0.8660254037844386;0.000815616922960049
1481;14.0;-1.732050807568877;4.618751107593152e-05
1482;12.5;-2.598076211353315;0.0017539430549319706
1483;11.0;-3.4641016151377535;0.001520803290400201
1484;9.5;-4.330127018922192;4.26495216766689e-05
1485;8.0;-5.196152422706631;0.002971769721678132
1486;6.5;-6.0621778264910695;0.00281365049184548
1487;5.0;-6.928203230275508;6.072727757846127e-05
1488;3.5;-7.794228634059947;0.005311197950846487
1489;2.0;-8.660254037844386;0.004289056235863246
1490;0.5;-9.526279441628825;0.00023106617825893608
1491;51.5;21.650635094610966;2.68763178849398e-05
1492;50.0;20.784609690826525;1.1244109246141495e-06
1493;48.5;19.91858428704209;3.8852501451356296e-05
1494;47.0;19.05255888325765;1.6622896480294968e-05
1495;45.5;18.18653347947321;1.0603829196607686e-05
1496;44.0;17.320508075688775;5.343243673395147e-05
1497;42.5;16.454482671904334;8.159628565421235e-06
1498;41.0;15.58845726811989;3.229463991743869e-05
1499;39.5;14.722431864335455;7.290058049670818e-05
1500;38.0;13.856406460551018;2.2482580532572883e-06
1501;36.5;12.99038105676658;7.237943454318806e-05
1502;35.0;12.124355652982139;0.00010192950881113014
1503;33.5;11.258330249197702;7.707671770950895e-10
1504;32.0;10.392304845413264;0.0001419062025201558
1505;30.5;9.526279441628823;0.00014961972938541318
1506;29.0;8.660254037844386;2.1630676550359796e-06
1507;27.5;7.794228634059947;0.00025881193957998436
1508;26.0;6.92820323027551;0.0002335621369350874
1509;24.5;6.06217782649107;7.94144048290325e-06
1510;23.0;5.196152422706631;0.0004505354919431559
1511;21.5;4.330127018922194;0.0003877030873625549
1512;20.0;3.4641016151377544;1.393006671655021e-05
1513;18.5;2.598076211353317;0.0007583251035682206
1514;17.0;1.7320508075688774;0.0006775255471633118
1515;15.5;0.8660254037844382;1.482306781208468e-05
1516;14.0;-2.220446049250313e-16;0.0012499863287977354
1517;12.5;-0.8660254037844386;0.0012308846182713788
1518;11.0;-1.732050807568877;8.309546081911647e-06
1519;9.5;-2.598076211353315;0.0020728112032304367
1520;8.0;-3.4641016151377544;0.002302395365102049
1521;6.5;-4.330127018922193;2.161172515063121e-06
1522;5.0;-5.196152422706631;0.0037010947832466067
1523;3.5;-6.06217782649107;0.004236082842525325
1524;2.0;-6.928203230275509;5.45689625381037e-05
1525;0.5;-7.794228634059947;0.00651115802657583
1526;50.0;22.516660498395403;3.899527731397066e-05
1527;48.5;21.650635094610966;2.675780865646643e-05
1528;47.0;20.784609690826528;4.648589906879465e-06
1529;45.5;19.918584287042087;5.3779792680096944e-05
1530;44.0;19.05255888325765;1.6430030293334824e-05
1531;42.5;18.186533479473212;1.9831375440268217e-05
1532;41.0;17.32050807568877;7.292038709018773e-05
1533;39.5;16.454482671904334;8.153004121939582e-06
1534;38.0;15.588457268119894;4.9544213643241416e-05
1535;36.5;14.722431864335457;0.0001001406291038407
1536;35.0;13.856406460551016;2.5230299222290603e-06
1537;33.5;12.990381056766578;0.00010137089562759378
1538;32.0;12.12435565298214;0.00014256699097257668
1539;30.5;11.2583302491977;1.020684111538496e-07
1540;29.0;10.392304845413262;0.00018776260714031766
1541;27.5;9.526279441628823;0.00021365370205003576
1542;26.0;8.660254037844386;6.478592207171921e-07
1543;24.5;7.794228634059947;0.0003276387623095626
1544;23.0;6.928203230275508;0.0003388458715697227
1545;21.5;6.06217782649107;2.3582107536869243e-06
1546;20.0;5.196152422706631;0.0005486123983608485
1547;18.5;4.330127018922194;0.0005666972751193502
1548;17.0;3.4641016151377544;2.2752285267103766e-06
1549;15.5;2.598076211353315;0.0008927781107997197
1550;14.0;1.7320508075688765;0.0009925696759293852
1551;12.5;0.8660254037844382;7.35521800526167e-08
1552;11.0;-2.220446049250313e-16;0.001441461999899616
1553;9.5;-0.8660254037844386;0.0018186396085121295
1554;8.0;-1.7320508075688779;6.027755685942557e-06
1555;6.5;-2.598076211353316;0.0024456356377963433
1556;5.0;-3.4641016151377544;0.0035243857698303025
1557;3.5;-4.330127018922194;1.8050389005356246e-05
1558;2.0;-5.196152422706632;0.005252230826934928
1559;0.5;-6.06217782649107;0.005373574266407572
1560;50.0;24.24871130596428;3.899527731420939e-05
1561;48.5;23.382685902179844;1.1488084871918368e-06
1562;47.0;22.516660498395407;5.371209947244675e-05
1563;45.5;21.650635094610966;2.680559364998725e-05
1564;44.0;20.784609690826528;1.075888165922756e-05
1565;42.5;19.91858428704209;7.236293306032129e-05
1566;41.0;19.05255888325765;1.6696216004043222e-05
1567;39.5;18.186533479473212;3.230782342367899e-05
1568;38.0;17.320508075688775;9.789344037281442e-05
1569;36.5;16.454482671904337;8.810592348047872e-06
1570;35.0;15.588457268119894;7.087324514396028e-05
1571;33.5;14.722431864335457;0.00013587901690163544
1572;32.0;13.85640646055102;3.5037523615676397e-06
1573;30.5;12.990381056766578;0.00013503989288917765
1574;29.0;12.12435565298214;0.0001966199890048047
1575;27.5;11.2583302491977;8.35854110602106e-07
1576;26.0;10.392304845413262;0.0002378316418521365
1577;24.5;9.526279441628825;0.00029914819728961596
1578;23.0;8.660254037844384;9.423816755276379e-08
1579;21.5;7.794228634059947;0.00039773962394087795
1580;20.0;6.928203230275509;0.0004790334311261487
1581;18.5;6.062177826491071;1.466422268708115e-07
1582;17.0;5.196152422706632;0.0006407877983356173
1583;15.5;4.330127018922193;0.000804914224664247
1584;14.0;3.4641016151377544;2.6428492763636384e-06
1585;12.5;2.598076211353316;0.0010097303348949524
1586;11.0;1.7320508075688774;0.0014209439398572964
1587;9.5;0.866025403784439;2.189230822085633e-05
1588;8.0;-2.220446049250313e-16;0.0016152654572232582
1589;6.5;-0.8660254037844386;0.0026944938286124374
1590;5.0;-1.732050807568877;9.827093507865624e-05
1591;3.5;-2.598076211353316;0.00303798999206543
1592;2.0;-3.4641016151377544;0.005886088723284102
1593;0.5;-4.330127018922193;6.928858947204371e-07
1594;48.5;25.11473670974872;5.3530362946384506e-05
1595;47.0;24.24871130596428;3.9150412855998896e-05
1596;45.5;23.38268590217984;4.628703008665101e-06
1597;44.0;22.516660498395403;7.152905647630098e-05
1598;42.5;21.650635094610966;2.7317004335521294e-05
1599;41.0;20.784609690826525;1.954117660893351e-05
1600;39.5;19.918584287042087;9.545480208565981e-05
1601;38.0;19.05255888325765;1.7725063331776405e-05
1602;36.5;18.186533479473212;4.79673635280132e-05
1603;35.0;17.32050807568877;0.00012966123619709844
1604;33.5;16.454482671904334;1.0485232990309998e-05
1605;32.0;15.588457268119894;9.574397456988136e-05
1606;30.5;14.722431864335455;0.00018204747878596694
1607;29.0;13.856406460551018;5.767005450738751e-06
1608;27.5;12.990381056766578;0.0001718164345349542
1609;26.0;12.12435565298214;0.0002668661791878575
1610;24.5;11.258330249197702;3.512293145763628e-06
1611;23.0;10.392304845413262;0.0002886237117322241
1612;21.5;9.526279441628825;0.00041007799447949583
1613;20.0;8.660254037844386;3.776894821616327e-06
1614;18.5;7.794228634059949;0.00046241790420762925
1615;17.0;6.92820323027551;0.0006603211438257816
1616;15.5;6.06217782649107;9.346623980097674e-06
1617;14.0;5.196152422706631;0.000715312634534567
1618;12.5;4.330127018922194;0.0011156892808425244
1619;11.0;3.4641016151377544;3.503641484921257e-05
1620;9.5;2.598076211353316;0.0010900885867612272
1621;8.0;1.732050807568877;0.0020132527921717016
1622;6.5;0.8660254037844386;0.00013731502150422716
1623;5.0;2.220446049250313e-16;0.0017636089898616426
1624;3.5;-0.8660254037844386;0.00422904831821859
1625;2.0;-1.7320508075688772;0.0004666846503637583
1626;0.5;-2.598076211353316;0.005759058079939387
1627;48.5;26.846787517317598;5.353036294662107e-05
1628;47.0;25.98076211353316;1.1223614910660895e-06
1629;45.5;25.11473670974872;7.070238657834948e-05
1630;44.0;24.24871130596428;3.976618071954779e-05
1631;42.5;23.382685902179844;1.0438832005072482e-05
1632;41.0;22.516660498395403;9.306668105851965e-05
1633;39.5;21.650635094610966;2.861776136879453e-05
1634;38.0;20.784609690826528;3.0913411954120136e-05
1635;36.5;19.91858428704209;0.00012400964378674346
1636;35.0;19.05255888325765;1.9900890925300276e-05
1637;33.5;18.186533479473212;6.640291155767729e-05
1638;32.0;17.320508075688775;0.00016959789365819753
1639;30.5;16.454482671904334;1.3746390093945228e-05
1640;29.0;15.588457268119894;0.00012301114142401488
1641;27.5;14.722431864335455;0.0002405394761526556
1642;26.0;13.856406460551018;1.0421036476053563e-05
1643;24.5;12.990381056766578;0.00020914739764341927
1644;23.0;12.124355652982139;0.00035581424357155597
1645;21.5;11.258330249197702;1.0637083773992306e-05
1646;20.0;10.392304845413262;0.00033514481187796254
1647;18.5;9.526279441628825;0.0005497771051251468
1648;17.0;8.660254037844386;1.7579664191333046e-05
1649;15.5;7.794228634059947;0.0005125465564423915
1650;14.0;6.928203230275509;0.0008881921495297496
1651;12.5;6.06217782649107;4.431041201785996e-05
1652;11.0;5.196152422706632;0.0007553031672603132
1653;9.5;4.330127018922194;0.0015159844821641508
1654;8.0;3.4641016151377544;0.0001404887814066337
1655;6.5;2.598076211353316;0.0010989978709748589
1656;5.0;1.7320508075688774;0.002885139399178899
1657;3.5;0.8660254037844386;0.0005306475643633197
1658;2.0;0.0;0.0018860127605339983
1659;0.5;-0.8660254037844386;0.009504561989064311
1660;65.5;-37.23909236273086;3.4404053773891406e-10
1661;64.0;-38.10511776651529;3.4404053773708e-10
1662;62.5;-38.97114317029973;3.440405376891331e-10
1663;61.0;-39.837168574084174;3.4404053747074934e-10
1664;59.5;-40.70319397786861;3.440405362759319e-10
1665;58.0;-41.56921938165305;3.4404053122773214e-10
1666;56.5;-42.43524478543749;3.440405137879458e-10
1667;55.0;-43.301270189221924;3.4404046267820777e-10
1668;53.5;-44.167295593006365;3.4404033305765675e-10
1669;52.0;-45.033320996790806;3.4404004459385807e-10
1670;50.5;-45.89934640057524;3.440394778556035e-10
1671;49.0;-46.76537180435968;3.440384956313711e-10
1672;47.5;-47.63139720814412;3.4403700623580885e-10
1673;46.0;-48.497422611928556;3.440350645859196e-10
1674;44.5;-49.363448015713;3.440329593599628e-10
1675;43.0;-50.22947341949744;3.4403119163213837e-10
1676;41.5;-51.09549882328187;3.4403028051738106e-10
1677;40.0;-51.96152422706631;3.440304663884923e-10
1678;38.5;-52.827549630850754;3.440315248166646e-10
1679;37.0;-53.69357503463519;3.4403287560159076e-10
1680;35.5;-54.55960043841963;3.4403393292047647e-10
1681;34.0;-55.42562584220407;3.440344201185794e-10
1682;65.5;-35.50704155516199;9.98119086434851e-08
1683;64.0;-36.373066958946424;8.843600044365964e-08
1684;62.5;-37.239092362730865;7.774817331903374e-08
1685;61.0;-38.105117766515306;6.774842726864488e-08
1686;59.5;-38.97114317029974;5.8436762288225816e-08
1687;58.0;-39.83716857408418;4.981317836963648e-08
1688;56.5;-40.70319397786862;4.187767550452211e-08
1689;55.0;-41.569219381653056;3.463025370419652e-08
1690;53.5;-42.4352447854375;2.8070913044454932e-08
1691;52.0;-43.30127018922194;2.2199653718428926e-08
1692;50.5;-44.16729559300637;1.7016476028795564e-08
1693;49.0;-45.03332099679081;1.252138018550923e-08
1694;47.5;-45.899346400575254;8.714365775770153e-09
1695;46.0;-46.76537180435969;5.59543093307244e-09
1696;44.5;-47.63139720814413;3.164571579231809e-09
1697;43.0;-48.49742261192857;1.4217814470516376e-09
1698;41.5;-49.363448015713004;3.6705348633932127e-10
1699;40.0;-50.229473419497445;3.824166594950388e-13
1700;38.5;-51.095498823281886;3.217670295960892e-10
1701;37.0;-51.96152422706632;1.3312104971788446e-09
1702;35.5;-52.82754963085076;3.028718180345214e-09
1703;34.0;-53.6935750346352;5.4142944261327036e-09
1704;32.5;-54.559600438419636;8.487940658634907e-09
1705;31.0;-55.42562584220408;8.487941221011341e-09
1706;65.5;-33.77499074759311;7.5266573221472425e-06
1707;64.0;-34.64101615137754;5.892976122721871e-06
1708;62.5;-35.50704155516198;4.537596475270545e-06
1709;61.0;-36.373066958946424;3.427422776801211e-06
1710;59.5;-37.23909236273086;2.531423667538643e-06
1711;58.0;-38.1051177665153;1.8206320309237277e-06
1712;56.5;-38.97114317029974;1.2681449936250775e-06
1713;55.0;-39.837168574084174;8.49123925546214e-07
1714;53.5;-40.703193977868615;5.407944398167626e-07
1715;52.0;-41.569219381653056;3.2244639274925635e-07
1716;50.5;-42.43524478543749;1.7543388386252532e-07
1717;49.0;-43.30127018922193;8.317525621902545e-08
1718;47.5;-44.16729559300637;3.115309726010321e-08
1719;46.0;-45.033320996790806;6.914239601178274e-09
1720;44.5;-45.89934640057525;6.975974105112275e-11
1721;43.0;-46.76537180435969;2.2949711868710447e-09
1722;41.5;-47.63139720814412;7.329408999412012e-09
1723;40.0;-48.49742261192856;1.0976806756063138e-08
1724;38.5;-49.363448015713004;1.1105073131469057e-08
1725;37.0;-50.22947341949744;7.646278839742423e-09
1726;35.5;-51.09549882328188;2.5966607131484463e-09
1727;34.0;-51.96152422706632;1.66392884614081e-11
1728;32.5;-52.827549630850754;6.0308376175583485e-09
1729;31.0;-53.693575034635195;2.882809006373344e-08
1730;29.5;-54.559600438419636;6.860122596818332e-08
1731;28.0;-55.42562584220407;6.860122647086139e-08
1732;65.5;-32.042939940024226;0.0002608575224145242
1733;64.0;-32.90896534380866;0.00017976398825053728
1734;62.5;-33.7749907475931;0.00012056181697472977
1735;61.0;-34.64101615137754;7.832075619431997e-05
1736;59.5;-35.507041555161976;4.89800084364822e-05
1737;58.0;-36.37306695894642;2.9241352877129562e-05
1738;56.5;-37.23909236273086;1.6469147880471192e-05
1739;55.0;-38.10511776651529;8.597214349300935e-06
1740;53.5;-38.97114317029973;4.042599885984791e-06
1741;52.0;-39.837168574084174;1.6262237640832733e-06
1742;50.5;-40.70319397786861;5.004027105903695e-07
1743;49.0;-41.56921938165305;8.325749871282101e-08
1744;47.5;-42.43524478543749;3.5128044922246885e-13
1745;46.0;-43.301270189221924;3.1103155793867274e-08
1746;44.5;-44.167295593006365;6.734649353176779e-08
1747;43.0;-45.033320996790806;7.17494839667929e-08
1748;41.5;-45.89934640057524;4.83804356504246e-08
1749;40.0;-46.76537180435968;1.804827082967432e-08
1750;38.5;-47.63139720814412;8.746586981212444e-10
1751;37.0;-48.497422611928556;5.746771277554487e-09
1752;35.5;-49.363448015713;2.665059004771318e-08
1753;34.0;-50.22947341949744;4.588474442273815e-08
1754;32.5;-51.09549882328187;4.415492591069987e-08
1755;31.0;-51.96152422706631;1.754895104999238e-08
1756;29.5;-52.827549630850754;1.3925241454765175e-09
1757;28.0;-53.69357503463519;8.954122771255044e-08
1758;26.5;-54.55960043841963;3.14892384943878e-07
1759;25.0;-55.42562584220407;3.1489238536817225e-07
1760;65.5;-30.310889132455358;0.0052308925036268356
1761;64.0;-31.176914536239792;0.0031554988149772737
1762;62.5;-32.04293994002423;0.0018289494828543622
1763;61.0;-32.908965343808674;0.0010103596951845637
1764;59.5;-33.77499074759311;0.0005260718091218031
1765;58.0;-34.64101615137755;0.00025400978395924016
1766;56.5;-35.50704155516199;0.00011088422281211476
1767;55.0;-36.373066958946424;4.1885990541951315e-05
1768;53.5;-37.239092362730865;1.2530458228054461e-05
1769;52.0;-38.105117766515306;2.338507332217596e-06
1770;50.5;-38.97114317029974;6.450953898483358e-08
1771;49.0;-39.83716857408418;2.0558109147538565e-07
1772;47.5;-40.70319397786862;5.504932794928518e-07
1773;46.0;-41.569219381653056;5.507035729972107e-07
1774;44.5;-42.4352447854375;3.2005473103496776e-07
1775;43.0;-43.30127018922194;9.377205720323164e-08
1776;41.5;-44.16729559300637;1.4718203468119616e-09
1777;40.0;-45.03332099679081;3.297670055589507e-08
1778;38.5;-45.899346400575254;9.981690246198106e-08
1779;37.0;-46.76537180435969;1.1937819738155967e-07
1780;35.5;-47.63139720814413;7.274050108291535e-08
1781;34.0;-48.49742261192857;1.133263408698944e-08
1782;32.5;-49.363448015713004;1.1610767328469241e-08
1783;31.0;-50.229473419497445;1.0104995986182608e-07
1784;29.5;-51.095498823281886;2.0282033657166726e-07
1785;28.0;-51.96152422706632;1.706018407068039e-07
1786;26.5;-52.82754963085076;1.2951706766208755e-08
1787;25.0;-53.6935750346352;2.0011972527892176e-07
1788;23.5;-54.559600438419636;1.0170725150041178e-06
1789;22.0;-55.42562584220408;1.017072515364599e-06
1790;65.5;-28.578838324886476;0.06868388833874256
1791;64.0;-29.44486372867091;0.03600552067354863
1792;62.5;-30.31088913245535;0.01784291763548057
1793;61.0;-31.176914536239792;0.008246668348543257
1794;59.5;-32.042939940024226;0.003483952444565934
1795;58.0;-32.90896534380867;0.0013023987488671779
1796;56.5;-33.77499074759311;0.00040606600089996664
1797;55.0;-34.64101615137754;9.256216542121625e-05
1798;53.5;-35.50704155516198;9.91612152030979e-06
1799;52.0;-36.373066958946424;1.5278063169081305e-07
1800;50.5;-37.23909236273086;3.686678656003003e-06
1801;49.0;-38.1051177665153;4.7265097457343925e-06
1802;47.5;-38.97114317029974;2.960618387719012e-06
1803;46.0;-39.837168574084174;9.57840352127608e-07
1804;44.5;-40.703193977868615;5.5980087349261774e-08
1805;43.0;-41.569219381653056;1.0833043192155421e-07
1806;41.5;-42.43524478543749;4.036783016639256e-07
1807;40.0;-43.30127018922193;4.538955205116007e-07
1808;38.5;-44.16729559300637;2.4218543257226946e-07
1809;37.0;-45.033320996790806;3.104150562288019e-08
1810;35.5;-45.89934640057525;2.8671596449378895e-08
1811;34.0;-46.76537180435969;1.9274790123324229e-07
1812;32.5;-47.63139720814412;2.9755376456517867e-07
1813;31.0;-48.49742261192856;1.916093996447526e-07
1814;29.5;-49.363448015713004;1.4363823447206379e-08
1815;28.0;-50.22947341949744;1.0923515474711756e-07
1816;26.5;-51.09549882328188;5.528620606705773e-07
1817;25.0;-51.96152422706632;7.350528639639799e-07
1818;23.5;-52.827549630850754;1.6810400455236937e-07
1819;22.0;-53.693575034635195;3.581966937210905e-07
1820;20.5;-54.559600438419636;2.58243441392955e-06
1821;19.0;-55.42562584220407;2.5824344142446444e-06
1822;65.5;-26.846787517317594;0.6372829798379643
1823;64.0;-27.712812921102028;0.28753613112676046
1824;62.5;-28.57883832488647;0.12004337173106415
1825;61.0;-29.44486372867091;0.04532444268621075
1826;59.5;-30.310889132455344;0.014904555805075643
1827;58.0;-31.176914536239785;0.003976463292895716
1828;56.5;-32.042939940024226;0.0007274049869124983
1829;55.0;-32.90896534380866;4.6503875078348215e-05
1830;53.5;-33.7749907475931;7.848788106027506e-06
1831;52.0;-34.64101615137754;3.540895574400453e-05
1832;50.5;-35.507041555161976;3.091011885322969e-05
1833;49.0;-36.37306695894642;1.3246805185242272e-05
1834;47.5;-37.23909236273086;2.147877792150979e-06
1835;46.0;-38.10511776651529;6.507076881690541e-08
1836;44.5;-38.97114317029973;1.5222020016347224e-06
1837;43.0;-39.837168574084174;2.161999127035175e-06
1838;41.5;-40.70319397786861;1.3024266642500598e-06
1839;40.0;-41.56921938165305;2.559177174797049e-07
1840;38.5;-42.43524478543749;2.816938775664566e-08
1841;37.0;-43.301270189221924;4.355454362610871e-07
1842;35.5;-44.167295593006365;6.991362179592536e-07
1843;34.0;-45.033320996790806;4.446456146721055e-07
1844;32.5;-45.89934640057524;5.188719862139494e-08
1845;31.0;-46.76537180435968;1.009322651578114e-07
1846;29.5;-47.63139720814412;5.706744486855951e-07
1847;28.0;-48.497422611928556;7.661123111173034e-07
1848;26.5;-49.363448015713;2.9677575003269624e-07
1849;25.0;-50.22947341949744;3.951200867766971e-08
1850;23.5;-51.09549882328187;1.1154064326845784e-06
1851;22.0;-51.96152422706631;2.1495453953314698e-06
1852;20.5;-52.827549630850754;7.527948173692387e-07
1853;19.0;-53.69357503463519;5.466503116013738e-07
1854;17.5;-54.55960043841963;5.5053746345300765e-06
1855;16.0;-55.42562584220407;5.505374634814513e-06
1856;65.5;-25.11473670974872;4.395673198441874
1857;64.0;-25.980762113533153;1.6855466671509378
1858;62.5;-26.846787517317594;0.5807386609097044
1859;61.0;-27.712812921102035;0.17271452091835146
1860;59.5;-28.57883832488647;0.04108485580921532
1861;58.0;-29.44486372867091;0.0064979379603127265
1862;56.5;-30.31088913245535;0.00030802361569298064
1863;55.0;-31.17691453623979;8.873417104802132e-05
1864;53.5;-32.042939940024226;0.00026371264198738045
1865;52.0;-32.90896534380866;0.00018057105894231593
1866;50.5;-33.77499074759311;5.605716644462376e-05
1867;49.0;-34.64101615137754;3.715068534028867e-06
1868;47.5;-35.507041555161976;2.9315372527279023e-06
1869;46.0;-36.373066958946424;1.0097983982016642e-05
1870;44.5;-37.23909236273086;8.541883109711592e-06
1871;43.0;-38.10511776651529;2.852301143631964e-06
1872;41.5;-38.97114317029974;4.774543877967364e-08
1873;40.0;-39.837168574084174;8.514456821099003e-07
1874;38.5;-40.70319397786861;2.040954511680482e-06
1875;37.0;-41.56921938165305;1.5895776740458684e-06
1876;35.5;-42.43524478543749;3.6099264479624e-07
1877;34.0;-43.301270189221924;5.537506407069578e-08
1878;32.5;-44.167295593006365;8.138476512957246e-07
1879;31.0;-45.033320996790806;1.2767231979740328e-06
1880;29.5;-45.89934640057524;6.597077195739361e-07
1881;28.0;-46.76537180435968;3.2259728130976657e-09
1882;26.5;-47.63139720814412;6.699171266426917e-07
1883;25.0;-48.497422611928556;1.8584658568607592e-06
1884;23.5;-49.363448015713;1.3560132615769808e-06
1885;22.0;-50.22947341949744;1.1740335329075343e-08
1886;20.5;-51.09549882328187;1.8435694698235559e-06
1887;19.0;-51.96152422706631;4.952487467805677e-06
1888;17.5;-52.827549630850754;2.2083757744106622e-06
1889;16.0;-53.69357503463519;7.401041140463473e-07
1890;14.5;-54.55960043841963;1.0282581723454777e-05
1891;13.0;-55.42562584220407;1.0282581723719025e-05
1892;65.5;-23.382685902179844;23.348350073866413
1893;64.0;-24.248711305964278;7.482560924674221
1894;62.5;-25.11473670974872;2.065374226955616
1895;61.0;-25.98076211353316;0.4557315233605538
1896;59.5;-26.846787517317594;0.0673348288167647
1897;58.0;-27.712812921102035;0.0032257391480917715
1898;56.5;-28.578838324886476;0.0005671192244725469
1899;55.0;-29.444863728670914;0.001711047729663189
1900;53.5;-30.31088913245535;0.0010204795883267607
1901;52.0;-31.17691453623979;0.00024666962831846847
1902;50.5;-32.042939940024226;5.144110355081671e-06
1903;49.0;-32.90896534380867;2.723891110094416e-05
1904;47.5;-33.77499074759311;5.107294502566816e-05
1905;46.0;-34.64101615137754;2.9532313065392042e-05
1906;44.5;-35.50704155516198;5.092395670173036e-06
1907;43.0;-36.373066958946424;4.435867418340259e-07
1908;41.5;-37.23909236273086;5.54552306531423e-06
1909;40.0;-38.1051177665153;6.622359204745517e-06
1910;38.5;-38.97114317029974;2.7246700911081034e-06
1911;37.0;-39.837168574084174;4.9302609239696195e-08
1912;35.5;-40.703193977868615;1.0789963549377183e-06
1913;34.0;-41.569219381653056;2.688199646679478e-06
1914;32.5;-42.43524478543749;1.9719335339852993e-06
1915;31.0;-43.30127018922193;2.521258313304616e-07
1916;29.5;-44.16729559300637;3.9413501117171424e-07
1917;28.0;-45.033320996790806;2.073671925457637e-06
1918;26.5;-45.89934640057525;2.240466471084762e-06
1919;25.0;-46.76537180435969;4.601377710876283e-07
1920;23.5;-47.63139720814412;4.691176850148046e-07
1921;22.0;-48.49742261192856;3.4202845291452473e-06
1922;20.5;-49.363448015713004;3.8327962079409065e-06
1923;19.0;-50.22947341949744;3.599663611739426e-07
1924;17.5;-51.09549882328188;2.6420772031046557e-06
1925;16.0;-51.96152422706632;9.681477011944717e-06
1926;14.5;-52.827549630850754;5.067965295282725e-06
1927;13.0;-53.693575034635195;9.128509753342338e-07
1928;11.5;-54.55960043841963;1.7322900102927683e-05
1929;10.0;-55.42562584220407;1.7322900103178974e-05
1930;65.5;-21.65063509461097;97.9303746780837
1931;64.0;-22.516660498395403;25.643738834079212
1932;62.5;-23.382685902179844;5.422088176647859
1933;61.0;-24.248711305964285;0.7945882983727756
1934;59.5;-25.11473670974872;0.046793465035394194
1935;58.0;-25.98076211353316;0.00186379843682562
1936;56.5;-26.8467875173176;0.009993438233614682
1937;55.0;-27.71281292110204;0.0057992719854955375
1938;53.5;-28.578838324886476;0.0012102152221027352
1939;52.0;-29.444863728670914;8.084094622809584e-06
1940;50.5;-30.310889132455355;0.0001654445113430577
1941;49.0;-31.176914536239792;0.00022893397372512498
1942;47.5;-32.042939940024226;9.823738385242892e-05
1943;46.0;-32.908965343808674;7.644940658127454e-06
1944;44.5;-33.77499074759311;7.125821262984501e-06
1945;43.0;-34.64101615137754;2.4265991787902597e-05
1946;41.5;-35.50704155516199;1.8147892426499623e-05
1947;40.0;-36.373066958946424;3.629568101429825e-06
1948;38.5;-37.23909236273086;4.4656658681781646e-07
1949;37.0;-38.1051177665153;5.377345250333082e-06
1950;35.5;-38.97114317029974;6.4564142927196895e-06
1951;34.0;-39.837168574084174;2.2566077597505678e-06
1952;32.5;-40.703193977868615;1.8872925336201633e-08
1953;31.0;-41.569219381653056;2.376616784982075e-06
1954;29.5;-42.43524478543749;4.17690676672911e-06
1955;28.0;-43.30127018922193;2.004906433655922e-06
1956;26.5;-44.16729559300637;5.806851493925183e-10
1957;25.0;-45.033320996790806;2.3131270030924834e-06
1958;23.5;-45.89934640057525;4.836616227515399e-06
1959;22.0;-46.76537180435969;2.293133399846759e-06
1960;20.5;-47.63139720814412;1.1228695871174569e-07
1961;19.0;-48.49742261192856;5.257136042049481e-06
1962;17.5;-49.363448015713004;8.368385838641951e-06
1963;16.0;-50.22947341949744;1.6062256667365584e-06
1964;14.5;-51.09549882328188;3.4008440172911655e-06
1965;13.0;-51.96152422706632;1.6771906946635644e-05
1966;11.5;-52.827549630850754;9.859094753871648e-06
1967;10.0;-53.693575034635195;1.0448096491176758e-06
1968;8.5;-54.559600438419636;2.687632475079972e-05
1969;7.0;-55.42562584220407;2.6876324751043e-05
1970;65.5;-19.918584287042087;330.16619413358046
1971;64.0;-20.78460969082652;68.46732235132605
1972;62.5;-21.650635094610962;10.307526390580803
1973;61.0;-22.516660498395403;0.7779168754771499
1974;59.5;-23.382685902179837;8.84284918001109e-05
1975;58.0;-24.248711305964278;0.050948998987459006
1976;56.5;-25.11473670974872;0.03332348352183227
1977;55.0;-25.980762113533157;0.006819463017330119
1978;53.5;-26.846787517317594;4.130860636965041e-05
1979;52.0;-27.71281292110203;0.0008043500753211876
1980;50.5;-28.578838324886473;0.000973705716104067
1981;49.0;-29.44486372867091;0.00033641944808337695
1982;47.5;-30.310889132455348;1.0311737995537267e-05
1983;46.0;-31.17691453623979;4.489407430291146e-05
1984;44.5;-32.042939940024226;8.95908555802604e-05
1985;43.0;-32.90896534380866;4.618323428575361e-05
1986;41.5;-33.77499074759311;3.4960629781639284e-06
1987;40.0;-34.64101615137754;5.713359550897559e-06
1988;38.5;-35.507041555161976;1.8450487174894465e-05
1989;37.0;-36.37306695894642;1.3156217074292964e-05
1990;35.5;-37.23909236273086;1.711495239546126e-06
1991;34.0;-38.10511776651529;1.5195710396348483e-06
1992;32.5;-38.97114317029973;7.479722731142173e-06
1993;31.0;-39.837168574084174;6.747191925308177e-06
1994;29.5;-40.70319397786861;1.1149432156506198e-06
1995;28.0;-41.56921938165305;9.758297064648983e-07
1996;26.5;-42.43524478543749;5.778192907363528e-06
1997;25.0;-43.301270189221924;5.663016033364199e-06
1998;23.5;-44.167295593006365;7.375599199665525e-07
1999;22.0;-45.033320996790806;1.7967218468152533e-06
2000;20.5;-45.89934640057524;8.149470052307139e-06
2001;19.0;-46.76537180435968;6.348565498527436e-06
2002;17.5;-47.63139720814412;5.14349061586566e-08
2003;16.0;-48.497422611928556;7.10768849797745e-06
2004;14.5;-49.363448015713;1.547159063714964e-05
2005;13.0;-50.22947341949744;4.364993228025311e-06
2006;11.5;-51.09549882328187;4.024418528395439e-06
2007;10.0;-51.96152422706631;2.648146875329704e-05
2008;8.5;-52.827549630850754;1.700618464977206e-05
2009;7.0;-53.69357503463519;1.1244112118681265e-06
2010;5.5;-54.55960043841963;3.899528727611088e-05
2011;4.0;-55.42562584220407;3.899528727634962e-05
2012;65.5;-18.186533479473212;905.6759798244999
2013;64.0;-19.052558883257646;142.18118632146178
2014;62.5;-19.918584287042087;13.318683033283756
2015;61.0;-20.784609690826528;0.19267158083405386
2016;59.5;-21.650635094610962;0.19629557844600848
2017;58.0;-22.516660498395403;0.18805371098846502
2018;56.5;-23.382685902179844;0.043236042466273515
2019;55.0;-24.24871130596428;0.0006444315623142919
2020;53.5;-25.11473670974872;0.0032712080367521576
2021;52.0;-25.980762113533157;0.00404770132897168
2022;50.5;-26.846787517317598;0.0012433022491107738
2023;49.0;-27.712812921102035;1.645328864016631e-05
2024;47.5;-28.578838324886473;0.00020407581991929252
2025;46.0;-29.444863728670914;0.0003061339126122688
2026;44.5;-30.31088913245535;0.00011656188754518626
2027;43.0;-31.17691453623979;1.7719655140776526e-06
2028;41.5;-32.042939940024226;2.9862813532359093e-05
2029;40.0;-32.90896534380867;5.3794285809091644e-05
2030;38.5;-33.77499074759311;2.4445090254784614e-05
2031;37.0;-34.64101615137754;4.2094328129592817e-07
2032;35.5;-35.50704155516198;8.870605394325167e-06
2033;34.0;-36.373066958946424;1.8374898333179428e-05
2034;32.5;-37.23909236273086;9.326231001103744e-06
2035;31.0;-38.1051177665153;1.0175140782009837e-07
2036;29.5;-38.97114317029974;5.1918195421542785e-06
2037;28.0;-39.837168574084174;1.11186501178359e-05
2038;26.5;-40.703193977868615;5.506644008107776e-06
2039;25.0;-41.569219381653056;3.2694199148988017e-09
2040;23.5;-42.43524478543749;5.938348440963678e-06
2041;22.0;-43.30127018922193;1.0861539822012923e-05
2042;20.5;-44.16729559300637;3.82306877009432e-06
2043;19.0;-45.033320996790806;8.090308653598254e-07
2044;17.5;-45.89934640057525;1.1690223320710362e-05
2045;16.0;-46.76537180435969;1.3292501131758458e-05
2046;14.5;-47.63139720814412;9.601328304476739e-07
2047;13.0;-48.49742261192856;8.723344924574909e-06
2048;11.5;-49.363448015713;2.5429705176202225e-05
2049;10.0;-50.22947341949744;9.221499243076859e-06
2050;8.5;-51.09549882328188;4.4492424966960795e-06
2051;7.0;-51.96152422706631;3.885251137702127e-05
2052;5.5;-52.827549630850754;2.6757815492293825e-05
2053;4.0;-53.693575034635195;1.148808780678706e-06
2054;2.5;-54.55960043841963;5.353037662181127e-05
2055;1.0;-55.42562584220407;5.3530376622047816e-05
2056;65.5;-16.454482671904337;2036.2758862532462
2057;64.0;-17.32050807568877;225.92082954156697
2058;62.5;-18.186533479473212;9.651509977005777
2059;61.0;-19.052558883257653;0.2946205937686724
2060;59.5;-19.918584287042087;0.9637991053047549
2061;58.0;-20.784609690826528;0.2901763678445011
2062;56.5;-21.65063509461097;0.011031024187329999
2063;55.0;-22.516660498395407;0.010589272689050981
2064;53.5;-23.382685902179844;0.016458256272173424
2065;52.0;-24.24871130596428;0.005054538369895844
2066;50.5;-25.114736709748723;5.585740612888229e-05
2067;49.0;-25.98076211353316;0.0007721043991244371
2068;47.5;-26.846787517317598;0.0010139762319530809
2069;46.0;-27.71281292110204;0.0003082654035972027
2070;44.5;-28.578838324886476;3.79255655506916e-09
2071;43.0;-29.444863728670914;0.00011525266182245758
2072;41.5;-30.310889132455355;0.00014560562690045246
2073;40.0;-31.176914536239792;4.3586807683831565e-05
2074;38.5;-32.042939940024226;5.364724031693394e-07
2075;37.0;-32.90896534380867;3.2224091668879866e-05
2076;35.5;-33.77499074759311;4.001094565010476e-05
2077;34.0;-34.64101615137754;1.1202850800009843e-05
2078;32.5;-35.50704155516198;8.82722771627552e-07
2079;31.0;-36.373066958946424;1.5947384113573385e-05
2080;29.5;-37.23909236273086;1.8596767097910897e-05
2081;28.0;-38.1051177665153;4.1365110489519816e-06
2082;26.5;-38.97114317029974;1.6916232553538417e-06
2083;25.0;-39.837168574084174;1.3302410000277675e-05
2084;23.5;-40.703193977868615;1.2888699328222041e-05
2085;22.0;-41.569219381653056;1.329897016779025e-06
2086;20.5;-42.43524478543749;4.590196526372908e-06
2087;19.0;-43.30127018922193;1.679147986546242e-05
2088;17.5;-44.16729559300637;1.0228994655226185e-05
2089;16.0;-45.033320996790806;4.876112195318842e-08
2090;14.5;-45.89934640057525;1.4951409297172211e-05
2091;13.0;-46.76537180435969;2.3489227011906938e-05
2092;11.5;-47.63139720814412;3.5835921375822285e-06
2093;10.0;-48.49742261192856;9.920923858179967e-06
2094;8.5;-49.363448015713004;3.8272063149402586e-05
2095;7.0;-50.22947341949744;1.6622900726951187e-05
2096;5.5;-51.09549882328188;4.648591094457715e-06
2097;4.0;-51.96152422706632;5.3712113194301456e-05
2098;2.5;-52.827549630850754;3.9150422857771364e-05
2099;1.0;-53.693575034635195;1.1223617777965775e-06
2100;65.5;-14.722431864335455;3763.374684753877
2101;64.0;-15.588457268119889;263.1285257146988
2102;62.5;-16.45448267190433;1.417468286460033
2103;61.0;-17.32050807568877;3.671492750308347
2104;59.5;-18.186533479473205;1.8860205519395388
2105;58.0;-19.052558883257646;0.15334430348264108
2106;56.5;-19.918584287042087;0.021634975203474
2107;55.0;-20.784609690826525;0.06356291142163825
2108;53.5;-21.650635094610962;0.022264429724783867
2109;52.0;-22.5166604983954;0.0004377727190144676
2110;50.5;-23.38268590217984;0.002517261489789557
2111;49.0;-24.248711305964278;0.00332306557301387
2112;47.5;-25.114736709748716;0.0008915765483964748
2113;46.0;-25.980762113533157;3.9353711124604936e-06
2114;44.5;-26.846787517317594;0.00038185869029391177
2115;43.0;-27.71281292110203;0.00038423869990462136
2116;41.5;-28.578838324886473;7.861362149836962e-05
2117;40.0;-29.44486372867091;1.024186863741123e-05
2118;38.5;-30.310889132455348;9.608538388686115e-05
2119;37.0;-31.176914536239785;8.226282742161932e-05
2120;35.5;-32.042939940024226;1.1514223075777995e-05
2121;34.0;-32.90896534380866;8.597578789896542e-06
2122;32.5;-33.7749907475931;3.942868206120124e-05
2123;31.0;-34.64101615137754;2.8512357348072503e-05
2124;29.5;-35.507041555161976;1.8124724832060112e-06
2125;28.0;-36.37306695894642;8.797859240100073e-06
2126;26.5;-37.23909236273086;2.4999587051638352e-05
2127;25.0;-38.10511776651529;1.3685084732732204e-05
2128;23.5;-38.97114317029973;2.716200899137409e-09
2129;22.0;-39.837168574084174;1.2517407565461158e-05
2130;20.5;-40.70319397786861;2.2007409315981697e-05
2131;19.0;-41.56921938165305;6.4960329831101635e-06
2132;17.5;-42.43524478543749;2.3994316674277115e-06
2133;16.0;-43.301270189221924;2.2536755623583658e-05
2134;14.5;-44.167295593006365;2.0488951574478557e-05
2135;13.0;-45.033320996790806;4.352935429158789e-07
2136;11.5;-45.89934640057524;1.7529307118673752e-05
2137;10.0;-46.76537180435968;3.69644442120232e-05
2138;8.5;-47.63139720814412;8.585424203438235e-06
2139;7.0;-48.497422611928556;1.0603831905574648e-05
2140;5.5;-49.363448015713;5.3779806419244927e-05
2141;4.0;-50.22947341949744;2.6805600498022084e-05
2142;2.5;-51.09549882328187;4.628704191162941e-06
2143;1.0;-51.96152422706631;7.070240464072266e-05
2144;65.5;-12.99038105676658;5706.696981557928
2145;64.0;-13.856406460551014;201.53588373819753
2146;62.5;-14.722431864335455;4.1002368582118685
2147;61.0;-15.588457268119896;10.339295394621473
2148;59.5;-16.45448267190433;1.6883458542453267
2149;58.0;-17.32050807568877;0.005470320363778874
2150;56.5;-18.186533479473212;0.2167395886800162
2151;55.0;-19.05255888325765;0.10141979104223714
2152;53.5;-19.918584287042087;0.004402048026044482
2153;52.0;-20.784609690826525;0.006866579504773999
2154;50.5;-21.650635094610966;0.01077190212790811
2155;49.0;-22.516660498395403;0.00287461860687921
2156;47.5;-23.38268590217984;1.6246089870620735e-05
2157;46.0;-24.24871130596428;0.0011485218157251042
2158;44.5;-25.11473670974872;0.0010180011010704618
2159;43.0;-25.980762113533157;0.00015289150918327795
2160;41.5;-26.846787517317598;5.237542337765739e-05
2161;40.0;-27.712812921102035;0.00025932306474627767
2162;38.5;-28.578838324886473;0.00016649322734305452
2163;37.0;-29.44486372867091;9.615675224175921e-06
2164;35.5;-30.31088913245535;3.5628680265515446e-05
2165;34.0;-31.17691453623979;8.765143444798099e-05
2166;32.5;-32.042939940024226;4.1345850092054196e-05
2167;31.0;-32.90896534380867;2.2765699783119712e-08
2168;29.5;-33.77499074759311;2.692415555609637e-05
2169;28.0;-34.64101615137754;4.270789237589579e-05
2170;26.5;-35.50704155516198;1.273783334482199e-05
2171;25.0;-36.373066958946424;2.047619723268851e-06
2172;23.5;-37.23909236273086;2.6319820030778192e-05
2173;22.0;-38.1051177665153;2.6856992067367355e-05
2174;20.5;-38.97114317029974;2.7039831965846203e-06
2175;19.0;-39.837168574084174;9.283156732955012e-06
2176;17.5;-40.703193977868615;3.1310273530399696e-05
2177;16.0;-41.569219381653056;1.637455903606871e-05
2178;14.5;-42.43524478543749;4.910385890896239e-07
2179;13.0;-43.30127018922193;2.732375210621473e-05
2180;11.5;-44.167295593006365;3.465652980936487e-05
2181;10.0;-45.033320996790806;2.8906066410515747e-06
2182;8.5;-45.89934640057525;1.9181430826559495e-05
2183;7.0;-46.76537180435968;5.3432450384359655e-05
2184;5.5;-47.63139720814412;1.643003449071905e-05
2185;4.0;-48.49742261192856;1.07588844078061e-05
2186;2.5;-49.363448015713;7.152907474986374e-05
2187;1.0;-50.22947341949744;3.976619087863034e-05
2188;65.5;-11.258330249197705;7045.8856792395045
2189;64.0;-12.124355652982139;70.51115064058737
2190;62.5;-12.99038105676658;33.631210538987744
2191;61.0;-13.856406460551021;14.245631828931208
2192;59.5;-14.722431864335455;0.3123260455616128
2193;58.0;-15.588457268119896;0.5483439468901843
2194;56.5;-16.454482671904337;0.4442774792221154
2195;55.0;-17.320508075688775;0.0403963743370909
2196;53.5;-18.186533479473212;0.01380068477316317
2197;52.0;-19.05255888325765;0.033791323820345734
2198;50.5;-19.91858428704209;0.010192792347920046
2199;49.0;-20.784609690826528;8.001398463930383e-06
2200;47.5;-21.650635094610966;0.0031859122922647492
2201;46.0;-22.516660498395407;0.0027471553822063315
2202;44.5;-23.382685902179844;0.00034311907541349345
2203;43.0;-24.24871130596428;0.00017909581580655474
2204;41.5;-25.114736709748723;0.0006629383124871334
2205;40.0;-25.98076211353316;0.00034263891116601
2206;38.5;-26.846787517317598;5.793696902530418e-06
2207;37.0;-27.712812921102035;0.00011017082809135585
2208;35.5;-28.578838324886476;0.00018488217077471342
2209;34.0;-29.444863728670914;5.818888970541688e-05
2210;32.5;-30.31088913245535;3.0070212811039604e-06
2211;31.0;-31.176914536239792;6.665325820887629e-05
2212;29.5;-32.042939940024226;6.913908868834603e-05
2213;28.0;-32.90896534380867;9.772778122880663e-06
2214;26.5;-33.77499074759311;1.1621181638425566e-05
2215;25.0;-34.64101615137754;4.8692401255536014e-05
2216;23.5;-35.50704155516198;3.076970968265682e-05
2217;22.0;-36.373066958946424;1.7369381891093933e-07
2218;20.5;-37.23909236273086;2.2711065754322153e-05
2219;19.0;-38.1051177665153;4.108798557684574e-05
2220;17.5;-38.97114317029974;1.1310874268971547e-05
2221;16.0;-39.837168574084174;4.983586614286877e-06
2222;14.5;-40.703193977868615;3.9425128209002344e-05
2223;13.0;-41.569219381653056;3.1116347440603596e-05
2224;11.5;-42.43524478543749;1.231955870913899e-07
2225;10.0;-43.30127018922193;3.064717968719102e-05
2226;8.5;-44.16729559300637;5.236212158500834e-05
2227;7.0;-45.033320996790806;8.159630649961992e-06
2228;5.5;-45.89934640057525;1.9831380506602576e-05
2229;4.0;-46.76537180435969;7.236295154691447e-05
2230;2.5;-47.63139720814412;2.7317011314206085e-05
2231;1.0;-48.49742261192856;1.0438834671887837e-05
2232;65.5;-9.526279441628823;6972.233747929819
2233;64.0;-10.392304845413257;0.1934986358775442
2234;62.5;-11.258330249197698;78.09190688401333
2235;61.0;-12.124355652982139;9.227746098543113
2236;59.5;-12.990381056766573;0.5426065502271841
2237;58.0;-13.856406460551014;1.6782665242341062
2238;56.5;-14.722431864335455;0.30799929647381075
2239;55.0;-15.588457268119893;0.012446686767831507
2240;53.5;-16.45448267190433;0.09768941953534253
2241;52.0;-17.320508075688767;0.03805495357559512
2242;50.5;-18.18653347947321;0.00012662494227864366
2243;49.0;-19.052558883257646;0.008047298790030508
2244;47.5;-19.918584287042084;0.007547841605368385
2245;46.0;-20.784609690826525;0.000926255195046409
2246;44.5;-21.650635094610962;0.000483071541739509
2247;43.0;-22.5166604983954;0.001640440137979443
2248;41.5;-23.38268590217984;0.0007354773876461522
2249;40.0;-24.248711305964278;1.8827771021042974e-06
2250;38.5;-25.114736709748716;0.0002937251394817786
2251;37.0;-25.980762113533153;0.0003820229331589595
2252;35.5;-26.846787517317594;8.188767396399251e-05
2253;34.0;-27.71281292110203;2.0683964134717238e-05
2254;32.5;-28.57883832488647;0.00014825795915333504
2255;31.0;-29.44486372867091;0.00010903643857677858
2256;29.5;-30.310889132455348;5.188875132454446e-06
2257;28.0;-31.176914536239785;3.644640059616615e-05
2258;26.5;-32.042939940024226;8.396474186650366e-05
2259;25.0;-32.90896534380866;3.3111319309752334e-05
2260;23.5;-33.7749907475931;1.4975730526106974e-06
2261;22.0;-34.64101615137754;4.584367640154193e-05
2262;20.5;-35.507041555161976;5.1660964048967646e-05
2263;19.0;-36.37306695894642;5.8658141377678444e-06
2264;17.5;-37.23909236273086;1.5904525777215164e-05
2265;16.0;-38.10511776651529;5.404031086388363e-05
2266;14.5;-38.97114317029973;2.6202290475216526e-05
2267;13.0;-39.837168574084174;1.345894678818113e-06
2268;11.5;-40.70319397786861;4.540507651523652e-05
2269;10.0;-41.56921938165305;5.0258445128645e-05
2270;8.5;-42.43524478543749;2.412834152424473e-06
2271;7.0;-43.301270189221924;3.229464816777111e-05
2272;5.5;-44.167295593006365;7.292040571919338e-05
2273;4.0;-45.033320996790806;1.6696220269429657e-05
2274;2.5;-45.89934640057524;1.9541181601130897e-05
2275;1.0;-46.76537180435968;9.306670483431134e-05
2276;65.5;-7.794228634059948;5370.854892307452
2277;64.0;-8.660254037844382;104.32143289410632
2278;62.5;-9.526279441628823;95.52940967982819
2279;61.0;-10.392304845413264;0.8778804860131153
2280;59.5;-11.258330249197698;4.413227123605742
2281;58.0;-12.124355652982139;1.86090549440022
2282;56.5;-12.99038105676658;0.004715749090263537
2283;55.0;-13.856406460551018;0.23649351803560809
2284;53.5;-14.722431864335455;0.1404310995736696
2285;52.0;-15.588457268119893;0.003867393993729128
2286;50.5;-16.454482671904334;0.017659347989870868
2287;49.0;-17.32050807568877;0.020776654363161878
2288;47.5;-18.18653347947321;0.0029631006440617525
2289;46.0;-19.05255888325765;0.001052610946728928
2290;44.5;-19.918584287042087;0.0039536914630762246
2291;43.0;-20.784609690826525;0.0016727697229600178
2292;41.5;-21.650635094610966;1.579859340535921e-07
2293;40.0;-22.516660498395403;0.0007140934486266504
2294;38.5;-23.38268590217984;0.0007893078388867417
2295;37.0;-24.248711305964278;0.0001200386709553272
2296;35.5;-25.11473670974872;7.377430196107191e-05
2297;34.0;-25.980762113533157;0.00031111219412382194
2298;32.5;-26.846787517317594;0.0001713589381284603
2299;31.0;-27.712812921102035;8.359557357730143e-07
2300;29.5;-28.578838324886473;9.077821819909263e-05
2301;28.0;-29.44486372867091;0.00013937376653032403
2302;26.5;-30.31088913245535;3.3276547601373756e-05
2303;25.0;-31.17691453623979;1.1523629390503377e-05
2304;23.5;-32.042939940024226;8.370216748031542e-05
2305;22.0;-32.90896534380867;6.280781358593239e-05
2306;20.5;-33.77499074759311;1.3325123470932244e-06
2307;19.0;-34.64101615137754;3.639967250238534e-05
2308;17.5;-35.50704155516198;7.148968558992486e-05
2309;16.0;-36.373066958946424;1.9955072582903197e-05
2310;14.5;-37.23909236273086;8.318045737214372e-06
2311;13.0;-38.1051177665153;6.404671044956587e-05
2312;11.5;-38.97114317029973;4.682381367457721e-05
2313;10.0;-39.837168574084174;1.0914746996082665e-08
2314;8.5;-40.703193977868615;4.878820238219204e-05
2315;7.0;-41.56921938165305;7.290059912065261e-05
2316;5.5;-42.43524478543749;8.153006204787496e-06
2317;4.0;-43.30127018922193;3.2307831677380224e-05
2318;2.5;-44.167295593006365;9.545482647154638e-05
2319;1.0;-45.033320996790806;2.8617768679784315e-05
2320;65.5;-6.062177826491073;3047.8446060495735
2321;64.0;-6.928203230275507;326.8440625517413
2322;62.5;-7.794228634059948;61.85890395668499
2323;61.0;-8.660254037844389;3.643791693869199
2324;59.5;-9.526279441628823;8.098713758874588
2325;58.0;-10.392304845413264;0.5551081786623117
2326;56.5;-11.258330249197705;0.3832778602645152
2327;55.0;-12.124355652982143;0.47302095223540735
2328;53.5;-12.99038105676658;0.04058582791013959
2329;52.0;-13.856406460551018;0.030026715153046894
2330;50.5;-14.722431864335459;0.0554463453973308
2331;49.0;-15.588457268119896;0.01052307038186882
2332;47.5;-16.454482671904334;0.0017271590918653606
2333;46.0;-17.320508075688775;0.009214741125954279
2334;44.5;-18.186533479473212;0.0040385377821233834
2335;43.0;-19.05255888325765;4.5086850437807314e-07
2336;41.5;-19.91858428704209;0.001618324479291889
2337;40.0;-20.784609690826528;0.0016504362666489997
2338;38.5;-21.650635094610966;0.00019329454509129797
2339;37.0;-22.516660498395403;0.0002014012161861278
2340;35.5;-23.382685902179844;0.0006324118179595878
2341;34.0;-24.24871130596428;0.0002741874494792693
2342;32.5;-25.11473670974872;1.1659428841127749e-06
2343;31.0;-25.98076211353316;0.00020079402099182776
2344;29.5;-26.846787517317598;0.00022754128235658367
2345;28.0;-27.712812921102035;3.087706329265138e-05
2346;26.5;-28.578838324886476;3.904945180863767e-05
2347;25.0;-29.444863728670914;0.0001444211919431027
2348;23.5;-30.31088913245535;7.435425641355039e-05
2349;22.0;-31.176914536239792;2.766833286527213e-07
2350;20.5;-32.042939940024226;7.14216947824049e-05
2351;19.0;-32.90896534380867;9.226520312564415e-05
2352;17.5;-33.77499074759311;1.2761074110719467e-05
2353;16.0;-34.64101615137754;2.384265205334032e-05
2354;14.5;-35.50704155516198;8.742255962743356e-05
2355;13.0;-36.373066958946424;4.180788323113724e-05
2356;11.5;-37.23909236273086;2.362425479546727e-06
2357;10.0;-38.1051177665153;7.022121882211187e-05
2358;8.5;-38.97114317029974;7.198290606712736e-05
2359;7.0;-39.837168574084174;2.248258627617618e-06
2360;5.5;-40.703193977868615;4.9544226300334576e-05
2361;4.0;-41.569219381653056;9.789346538170067e-05
2362;2.5;-42.43524478543749;1.7725067860002635e-05
2363;1.0;-43.30127018922193;3.091341985159052e-05
2364;65.5;-4.330127018922198;1130.5478174789907
2365;64.0;-5.196152422706632;465.85471186025995
2366;62.5;-6.062177826491073;12.283896168867145
2367;61.0;-6.928203230275514;19.011382427693235
2368;59.5;-7.794228634059948;6.009032415033437
2369;58.0;-8.660254037844389;0.1556234146267087
2370;56.5;-9.52627944162883;1.2985671094290627
2371;55.0;-10.392304845413268;0.27087087085234873
2372;53.5;-11.258330249197705;0.02799353824922192
2373;52.0;-12.124355652982143;0.13599267815230848
2374;50.5;-12.990381056766584;0.03821622165406834
2375;49.0;-13.856406460551021;0.0015984669534193318
2376;47.5;-14.722431864335459;0.020324150555999235
2377;46.0;-15.5884572681199;0.010201750141224819
2378;44.5;-16.454482671904337;2.5103734399892797e-05
2379;43.0;-17.320508075688775;0.003426840389122139
2380;41.5;-18.186533479473216;0.003505862281986323
2381;40.0;-19.052558883257653;0.0003603135397790555
2382;38.5;-19.91858428704209;0.000468447350188985
2383;37.0;-20.784609690826528;0.0012635662547717812
2384;35.5;-21.65063509461097;0.00045603995107045545
2385;34.0;-22.516660498395407;1.4384716156027501e-05
2386;32.5;-23.382685902179844;0.0004141760029082111
2387;31.0;-24.248711305964285;0.00037139254080132257
2388;29.5;-25.114736709748723;2.6023979202225497e-05
2389;28.0;-25.98076211353316;9.966239042698478e-05
2390;26.5;-26.8467875173176;0.0002414858787611809
2391;25.0;-27.71281292110204;8.632010811711793e-05
2392;23.5;-28.578838324886476;7.434775357165044e-06
2393;22.0;-29.444863728670917;0.0001288126705209984
2394;20.5;-30.310889132455355;0.00011714965177745503
2395;19.0;-31.176914536239792;5.628449645354792e-06
2396;17.5;-32.04293994002423;5.231693037908707e-05
2397;16.0;-32.908965343808674;0.00011675467808153377
2398;14.5;-33.77499074759311;3.5074995940698215e-05
2399;13.0;-34.64101615137755;1.1748368667588623e-05
2400;11.5;-35.50704155516198;9.788114807356144e-05
2401;10.0;-36.373066958946424;6.983063762314611e-05
2402;8.5;-37.239092362730865;5.473098063233186e-10
2403;7.0;-38.1051177665153;7.237945303401015e-05
2404;5.5;-38.97114317029974;0.00010014065468681579
2405;4.0;-39.83716857408418;8.810594598889589e-06
2406;2.5;-40.703193977868615;4.79673757822685e-05
2407;1.0;-41.569219381653056;0.00012400967546755305
2408;65.5;-2.598076211353316;191.04590327356348
2409;64.0;-3.46410161513775;392.1067033309374
2410;62.5;-4.330127018922191;3.175465772819615
2411;61.0;-5.196152422706632;27.950487391051
2412;59.5;-6.062177826491066;0.8586206254307674
2413;58.0;-6.928203230275507;2.324756077090863
2414;56.5;-7.794228634059948;1.2774061297577446
2415;55.0;-8.660254037844386;8.695765519388763e-05
2416;53.5;-9.526279441628823;0.2806620864942546
2417;52.0;-10.39230484541326;0.131379330473557
2418;50.5;-11.258330249197702;3.981063691274041e-05
2419;49.0;-12.124355652982139;0.04072270597239709
2420;47.5;-12.990381056766577;0.02618502946632738
2421;46.0;-13.856406460551018;0.0003707604031263368
2422;44.5;-14.722431864335455;0.006682836693795741
2423;43.0;-15.588457268119893;0.007527104233123683
2424;41.5;-16.454482671904334;0.0007963500401998138
2425;40.0;-17.32050807568877;0.0009604209526723253
2426;38.5;-18.18653347947321;0.0024972582505423564
2427;37.0;-19.052558883257646;0.0008025286023802883
2428;35.5;-19.918584287042087;5.2095941242634366e-05
2429;34.0;-20.784609690826525;0.0008164068268666757
2430;32.5;-21.650635094610962;0.0006140546000338806
2431;31.0;-22.516660498395403;1.9614420671720862e-05
2432;29.5;-23.38268590217984;0.000220306849302272
2433;28.0;-24.248711305964278;0.00039776726191158263
2434;26.5;-25.11473670974872;9.922152373652632e-05
2435;25.0;-25.980762113533157;3.112321627569243e-05
2436;23.5;-26.846787517317594;0.00022110731373856002
2437;22.0;-27.712812921102035;0.00014745249665077317
2438;20.5;-28.578838324886473;6.295516500046521e-07
2439;19.0;-29.44486372867091;0.00010060359664764948
2440;17.5;-30.31088913245535;0.00015382368870172521
2441;16.0;-31.17691453623979;2.6723982051438777e-05
2442;14.5;-32.042939940024226;3.176206709046865e-05
2443;13.0;-32.90896534380867;0.00013359195142757978
2444;11.5;-33.7749907475931;6.61068157352199e-05
2445;10.0;-34.64101615137754;3.107751423449421e-06
2446;8.5;-35.50704155516198;0.00010240131008826513
2447;7.0;-36.37306695894642;0.00010192953485110928
2448;5.5;-37.23909236273086;2.523030566784862e-06
2449;4.0;-38.1051177665153;7.087326324999656e-05
2450;2.5;-38.97114317029973;0.0001296612693217222
2451;1.0;-39.837168574084174;1.9900896009385454e-05
2452;64.0;-1.732050807568875;191.04590327356348
2453;62.5;-2.598076211353316;35.75739573001122
2454;61.0;-3.464101615137757;17.621235163783776
2455;59.5;-4.330127018922191;1.1860444020658982
2456;58.0;-5.196152422706632;4.062942725990566
2457;56.5;-6.062177826491073;0.24104100380736815
2458;55.0;-6.9282032302755105;0.4086593944785063
2459;53.5;-7.794228634059948;0.3968266189587406
2460;52.0;-8.660254037844386;0.010033292055457643
2461;50.5;-9.526279441628827;0.0687995117298909
2462;49.0;-10.392304845413264;0.0655296612826296
2463;47.5;-11.258330249197702;0.002936444768164116
2464;46.0;-12.124355652982143;0.011583990212921612
2465;44.5;-12.99038105676658;0.016099558887863446
2466;43.0;-13.856406460551018;0.002037207034220925
2467;41.5;-14.722431864335459;0.0017325131531323013
2468;40.0;-15.588457268119896;0.0048780628125961204
2469;38.5;-16.454482671904334;0.0015095150122412025
2470;37.0;-17.32050807568877;0.00012365682334445854
2471;35.5;-18.186533479473212;0.00155622624725769
2472;34.0;-19.05255888325765;0.0010388561084275862
2473;32.5;-19.918584287042087;1.3384400735698552e-05
2474;31.0;-20.784609690826528;0.0004461248738969567
2475;29.5;-21.650635094610966;0.0006528269393082008
2476;28.0;-22.516660498395403;0.00011465577056195346
2477;26.5;-23.382685902179844;8.531040192430401e-05
2478;25.0;-24.24871130596428;0.0003685386527791729
2479;23.5;-25.11473670974872;0.00018546474587001664
2480;22.0;-25.98076211353316;1.5653543422572994e-06
2481;20.5;-26.846787517317598;0.00017940286844648123
2482;19.0;-27.712812921102035;0.00020128715297933566
2483;17.5;-28.578838324886476;1.7284284997631773e-05
2484;16.0;-29.444863728670914;6.79822018083715e-05
2485;14.5;-30.31088913245535;0.00017995297869967896
2486;13.0;-31.176914536239792;6.051084253337643e-05
2487;11.5;-32.042939940024226;1.4283318705508846e-05
2488;10.0;-32.90896534380867;0.00014184659463876542
2489;8.5;-33.77499074759311;0.00010296275203983037
2490;7.0;-34.64101615137754;7.707673722500008e-10
2491;5.5;-35.50704155516198;0.00010137092152488567
2492;4.0;-36.373066958946424;0.00013587905161471767
2493;2.5;-37.23909236273086;1.0485235668972195e-05
2494;1.0;-38.1051177665153;6.640292852167619e-05
2495;64.0;0.0;39.19043864762512
2496;62.5;-0.866025403784441;57.17944092156363
2497;61.0;-1.732050807568882;2.502598053773883
2498;59.5;-2.598076211353316;6.842437750435733
2499;58.0;-3.464101615137757;2.3309619844379452
2500;56.5;-4.330127018922198;0.23904814349129988
2501;55.0;-5.196152422706636;0.9601739297469838
2502;53.5;-6.062177826491073;0.11602196155300123
2503;52.0;-6.9282032302755105;0.08370712129560604
2504;50.5;-7.794228634059952;0.15170095905304307
2505;49.0;-8.660254037844389;0.016177674709305784
2506;47.5;-9.526279441628827;0.016588449752066286
2507;46.0;-10.392304845413268;0.033483544091011626
2508;44.5;-11.258330249197705;0.005678550692926548
2509;43.0;-12.124355652982143;0.0026551237805352295
2510;41.5;-12.990381056766584;0.009343794883242575
2511;40.0;-13.856406460551021;0.0030293846900032208
2512;38.5;-14.722431864335459;0.00021913762196259576
2513;37.0;-15.588457268119896;0.002878940721639264
2514;35.5;-16.454482671904337;0.001809282563866469
2515;34.0;-17.320508075688775;9.527424753617438e-06
2516;32.5;-18.186533479473212;0.0008494113467611011
2517;31.0;-19.052558883257653;0.0010760445980319499
2518;29.5;-19.91858428704209;0.0001364563595854263
2519;28.0;-20.784609690826528;0.00019234994787620493
2520;26.5;-21.65063509461097;0.0006040175610175947
2521;25.0;-22.516660498395407;0.0002353281130781762
2522;23.5;-23.382685902179844;1.4876115159039414e-05
2523;22.0;-24.248711305964285;0.00030539299901028485
2524;20.5;-25.114736709748723;0.00026322996575128967
2525;19.0;-25.98076211353316;8.010204637910268e-06
2526;17.5;-26.8467875173176;0.0001289892342747821
2527;16.0;-27.71281292110204;0.00024070835302410963
2528;14.5;-28.578838324886476;5.284777268563614e-05
2529;13.0;-29.444863728670917;3.776113543085352e-05
2530;11.5;-30.310889132455355;0.00019387442649741263
2531;10.0;-31.176914536239792;0.00010291194887101598
2532;8.5;-32.04293994002423;3.1165860632694622e-06
2533;7.0;-32.90896534380867;0.00014190623877303034
2534;5.5;-33.77499074759311;0.0001425670273942375
2535;4.0;-34.64101615137755;3.50375325666822e-06
2536;2.5;-35.50704155516198;9.574399902966135e-05
2537;1.0;-36.373066958946424;0.00016959793698546378
2538;62.5;0.866025403784441;39.19043864762512
2539;61.0;0.0;1.693855864814016
2540;59.5;-0.8660254037844339;8.314239189101222
2541;58.0;-1.732050807568875;0.0716295841883123
2542;56.5;-2.598076211353316;1.5853628442467294
2543;55.0;-3.4641016151377535;0.5931872336890595
2544;53.5;-4.330127018922191;0.0439733394200637
2545;52.0;-5.1961524227066285;0.3028500187710785
2546;50.5;-6.0621778264910695;0.06811907107887495
2547;49.0;-6.928203230275507;0.016510141512593567
2548;47.5;-7.7942286340599445;0.06537392355381631
2549;46.0;-8.660254037844386;0.016100338346184573
2550;44.5;-9.526279441628823;0.003146985891069238
2551;43.0;-10.39230484541326;0.01728019112560619
2552;41.5;-11.258330249197702;0.006388206780344968
2553;40.0;-12.124355652982139;0.000280129430561542
2554;38.5;-12.990381056766577;0.0051519225966754996
2555;37.0;-13.856406460551014;0.003245992140062015
2556;35.5;-14.722431864335455;1.1008347807670748e-05
2557;34.0;-15.588457268119893;0.001538036983313915
2558;32.5;-16.45448267190433;0.00178966584854561
2559;31.0;-17.32050807568877;0.00017317992378014564
2560;29.5;-18.18653347947321;0.00038586077166498676
2561;28.0;-19.052558883257646;0.00098124239364958
2562;26.5;-19.918584287042087;0.0003047036554108981
2563;25.0;-20.784609690826525;5.070877510171747e-05
2564;23.5;-21.650635094610962;0.0005045151185464442
2565;22.0;-22.516660498395403;0.00034612596449626787
2566;20.5;-23.38268590217984;1.274581480961544e-06
2567;19.0;-24.248711305964278;0.00022787109169959856
2568;17.5;-25.11473670974872;0.0003213281119150807
2569;16.0;-25.980762113533157;4.3142375908984876e-05
2570;14.5;-26.846787517317594;8.003975776372701e-05
2571;13.0;-27.712812921102035;0.0002629632147213571
2572;11.5;-28.578838324886473;0.00010142770586060086
2573;10.0;-29.44486372867091;1.4843670294229386e-05
2574;8.5;-30.31088913245535;0.00019592441174813032
2575;7.0;-31.17691453623979;0.0001496197676088388
2576;5.5;-32.042939940024226;1.0206843722659438e-07
2577;4.0;-32.90896534380867;0.0001350399273879135
2578;2.5;-33.7749907475931;0.00018204752529373493
2579;1.0;-34.64101615137754;1.3746393605736036e-05
2580;62.5;2.598076211353316;9.944570551438947
2581;61.0;1.732050807568875;9.651742783964751
2582;59.5;0.866025403784441;3.2589033768725293
2583;58.0;0.0;1.1625130193481594
2584;56.5;-0.866025403784441;1.8112741267337382
2585;55.0;-1.7320508075688785;0.007521066928305677
2586;53.5;-2.598076211353316;0.46712106990867786
2587;52.0;-3.4641016151377535;0.22445270488585486
2588;50.5;-4.3301270189221945;0.005860478780042646
2589;49.0;-5.196152422706632;0.11394000695621125
2590;47.5;-6.0621778264910695;0.04370534504198848
2591;46.0;-6.9282032302755105;0.0021738948127422732
2592;44.5;-7.794228634059948;0.030106456124760234
2593;43.0;-8.660254037844386;0.013786078808969145
2594;41.5;-9.526279441628827;0.00019712274798907822
2595;40.0;-10.392304845413264;0.008829658921880744
2596;38.5;-11.258330249197702;0.005964351582871213
2597;37.0;-12.124355652982139;2.9728154076465234e-05
2598;35.5;-12.99038105676658;0.00265444324462694
2599;34.0;-13.856406460551018;0.0030073308431974688
2600;32.5;-14.722431864335455;0.00024402585376515225
2601;31.0;-15.588457268119896;0.0007119889633675989
2602;29.5;-16.454482671904334;0.0015874567269287458
2603;28.0;-17.32050807568877;0.0004080223947073203
2604;26.5;-18.186533479473212;0.00012377070194979304
2605;25.0;-19.05255888325765;0.000816872854610184
2606;23.5;-19.918584287042087;0.00046053079272568486
2607;22.0;-20.784609690826528;1.002900342534523e-06
2608;20.5;-21.650635094610966;0.00038439107177117796
2609;19.0;-22.516660498395403;0.0004299343089436786
2610;17.5;-23.382685902179844;3.180350179893758e-05
2611;16.0;-24.24871130596428;0.0001509499655959515
2612;14.5;-25.11473670974872;0.0003554904370001595
2613;13.0;-25.98076211353316;9.816768485330559e-05
2614;11.5;-26.846787517317598;3.9793145641726133e-05
2615;10.0;-27.712812921102035;0.00026828187109451655
2616;8.5;-28.578838324886476;0.00015691482433879793
2617;7.0;-29.444863728670914;2.1630682076374915e-06
2618;5.5;-30.31088913245535;0.000187762655108163
2619;4.0;-31.17691453623979;0.0001966200392354193
2620;2.5;-32.042939940024226;5.76700692403264e-06
2621;1.0;-32.90896534380867;0.00012301117284975832
2622;61.0;3.4641016151377535;9.944570551438947
2623;59.5;2.5980762113533196;0.002188023182287169
2624;58.0;1.7320508075688785;3.092207521074961
2625;56.5;0.8660254037844375;0.4627651589663177
2626;55.0;0.0;0.44297999537439653
2627;53.5;-0.8660254037844375;0.5659422658189917
2628;52.0;-1.732050807568875;0.004737413099315367
2629;50.5;-2.598076211353316;0.16397284584790026
2630;49.0;-3.4641016151377535;0.1078346695884383
2631;47.5;-4.330127018922191;8.405806046074499e-05
2632;46.0;-5.196152422706632;0.04762273605191641
2633;44.5;-6.0621778264910695;0.029447014399844647
2634;43.0;-6.928203230275507;3.652524621498149e-06
2635;41.5;-7.794228634059948;0.014238438867852173
2636;40.0;-8.660254037844386;0.011084914601921332
2637;38.5;-9.526279441628823;0.00012811252529339846
2638;37.0;-10.39230484541326;0.00434420168265179
2639;35.5;-11.258330249197702;0.005092660224437666
2640;34.0;-12.124355652982139;0.0003936888629435212
2641;32.5;-12.990381056766577;0.0012248283989706803
2642;31.0;-13.856406460551018;0.0025622699071990505
2643;29.5;-14.722431864335455;0.0005729201756972171
2644;28.0;-15.588457268119894;0.00025303753261110177
2645;26.5;-16.45448267190433;0.0013036947985103871
2646;25.0;-17.32050807568877;0.0006240747801983655
2647;23.5;-18.186533479473212;1.2956440642785424e-05
2648;22.0;-19.052558883257646;0.0006279775481717347
2649;20.5;-19.918584287042087;0.000578789630858346
2650;19.0;-20.784609690826525;1.9821694972196763e-05
2651;17.5;-21.650635094610962;0.0002651264536081787
2652;16.0;-22.516660498395403;0.0004805811697886727
2653;14.5;-23.38268590217984;9.285235926222155e-05
2654;13.0;-24.248711305964278;8.49800459419329e-05
2655;11.5;-25.11473670974872;0.00036582001754705495
2656;10.0;-25.980762113533157;0.00016430732549654339
2657;8.5;-26.846787517317594;1.2681230446665476e-05
2658;7.0;-27.712812921102035;0.00025881200569885374
2659;5.5;-28.578838324886473;0.00021365375663226038
2660;4.0;-29.44486372867091;8.358543241338147e-07
2661;2.5;-30.31088913245535;0.00017181647842902197
2662;1.0;-31.17691453623979;0.00024053953760341224
2663;61.0;5.1961524227066285;3.1292849950788963
2664;59.5;4.3301270189221945;1.9169033866125664
2665;58.0;3.4641016151377535;2.048616016149321
2666;56.5;2.5980762113533125;0.10703935076930672
2667;55.0;1.732050807568875;1.01492949329243
2668;53.5;0.8660254037844375;0.11687488835488867
2669;52.0;0.0;0.16844594594343745
2670;50.5;-0.866025403784441;0.22968099563367356
2671;49.0;-1.7320508075688785;0.005522701591088162
2672;47.5;-2.598076211353316;0.064550064780317
2673;46.0;-3.464101615137757;0.05997548857871208
2674;44.5;-4.3301270189221945;0.0007114292669520664
2675;43.0;-5.196152422706632;0.0210043363696605
2676;41.5;-6.062177826491073;0.020454128321472396
2677;40.0;-6.9282032302755105;0.0005613590750730572
2678;38.5;-7.794228634059948;0.00665724148205182
2679;37.0;-8.660254037844386;0.008632375047932938
2680;35.5;-9.526279441628827;0.0007290013162801728
2681;34.0;-10.392304845413264;0.001968063337690891
2682;32.5;-11.258330249197702;0.004122210992117349
2683;31.0;-12.124355652982143;0.0008530431312089655
2684;29.5;-12.99038105676658;0.00045847251539476823
2685;28.0;-13.85640646055102;0.0020564155382103723
2686;26.5;-14.722431864335457;0.00086674702393507
2687;25.0;-15.588457268119896;4.443757870136507e-05
2688;23.5;-16.454482671904337;0.001001572816263457
2689;22.0;-17.32050807568877;0.0007866979324920629
2690;20.5;-18.186533479473212;8.932099074177078e-06
2691;19.0;-19.05255888325765;0.0004439192545379529
2692;17.5;-19.918584287042087;0.0006513492352322677
2693;16.0;-20.784609690826528;8.535619557880868e-05
2694;14.5;-21.650635094610966;0.00016086663934470824
2695;13.0;-22.516660498395403;0.000498151736844546
2696;11.5;-23.382685902179844;0.0001716323143281931
2697;10.0;-24.24871130596428;3.630750980780126e-05
2698;8.5;-25.11473670974872;0.0003550892612306399
2699;7.0;-25.98076211353316;0.00023356219660332898
2700;5.5;-26.846787517317598;6.478593862254283e-07
2701;4.0;-27.712812921102035;0.00023783170261115777
2702;2.5;-28.578838324886476;0.00026686624736431245
2703;1.0;-29.444863728670914;1.0421039138313318e-05
2704;59.5;6.062177826491073;3.129284995078896
2705;58.0;5.196152422706632;0.14780621194398016
2706;56.5;4.330127018922191;1.0958802536234002
2707;55.0;3.4641016151377535;0.5179311524337205
2708;53.5;2.598076211353316;0.08280741201596002
2709;52.0;1.7320508075688785;0.39643700467798865
2710;50.5;0.8660254037844375;0.04805336912114264
2711;49.0;0.0;0.06762063531008977
2712;47.5;-0.8660254037844375;0.11179294760852779
2713;46.0;-1.7320508075688785;0.006446081730964172
2714;44.5;-2.598076211353316;0.027096932019312816
2715;43.0;-3.4641016151377535;0.03658958797049819
2716;41.5;-4.3301270189221945;0.002148817069475222
2717;40.0;-5.196152422706632;0.009343659712025807
2718;38.5;-6.0621778264910695;0.01448547207395441
2719;37.0;-6.928203230275507;0.0015026239380111252
2720;35.5;-7.794228634059948;0.002931885620071033
2721;34.0;-8.660254037844386;0.006584820296510938
2722;32.5;-9.526279441628823;0.0013530663380707962
2723;31.0;-10.392304845413264;0.000751878422307241
2724;29.5;-11.258330249197702;0.0032066509812112634
2725;28.0;-12.12435565298214;0.001240119532658402
2726;26.5;-12.990381056766578;0.00010266537266540035
2727;25.0;-13.856406460551018;0.0015660187606924049
2728;23.5;-14.722431864335457;0.0010828580198217067
2729;22.0;-15.588457268119894;1.5855658944383398e-06
2730;20.5;-16.454482671904334;0.0007176485490072614
2731;19.0;-17.32050807568877;0.0008867065786044953
2732;17.5;-18.186533479473212;7.583325371337754e-05
2733;16.0;-19.05255888325765;0.0002826876377271654
2734;14.5;-19.918584287042087;0.0006787149118473667
2735;13.0;-20.784609690826528;0.00017872580608149625
2736;11.5;-21.650635094610966;8.011103877005957e-05
2737;10.0;-22.516660498395403;0.00048626105423813957
2738;8.5;-23.382685902179844;0.00025682489589416707
2739;7.0;-24.24871130596428;7.941442511713301e-06
2740;5.5;-25.11473670974872;0.00032763884601167526
2741;4.0;-25.980762113533157;0.00029914827371317615
2742;2.5;-26.846787517317598;3.512294043044313e-06
2743;1.0;-27.712812921102035;0.00020914745107445827
2744;59.5;7.794228634059952;1.2037469728241013
2745;58.0;6.9282032302755105;0.45134813958769365
2746;56.5;6.0621778264910695;1.1157278762957776
2747;55.0;5.196152422706632;8.906848639829024e-05
2748;53.5;4.3301270189221945;0.5044367644715462
2749;52.0;3.464101615137757;0.17848459111140091
2750;50.5;2.598076211353316;0.042914470885947444
2751;49.0;1.7320508075688785;0.18179039430337282
2752;47.5;0.866025403784441;0.02766539646387461
2753;46.0;0.0;0.028232519677446954
2754;44.5;-0.8660254037844375;0.061659261039896766
2755;43.0;-1.732050807568875;0.007005921339572249
2756;41.5;-2.598076211353316;0.011574032703294814
2757;40.0;-3.4641016151377535;0.023696907584186147
2758;38.5;-4.330127018922191;0.00328047130881896
2759;37.0;-5.1961524227066285;0.003979113540512792
2760;35.5;-6.0621778264910695;0.010372180037197372
2761;34.0;-6.928203230275507;0.002275005320241224
2762;32.5;-7.7942286340599445;0.0011188954783084902
2763;31.0;-8.660254037844386;0.004932806282911954
2764;29.5;-9.526279441628823;0.0018329993644009752
2765;28.0;-10.392304845413262;0.0001908200281530003
2766;26.5;-11.2583302491977;0.002403851472026043
2767;25.0;-12.124355652982139;0.0015129532980160205
2768;23.5;-12.990381056766578;4.5738887665625587e-07
2769;22.0;-13.856406460551016;0.0011278221019509632
2770;20.5;-14.722431864335455;0.0012139813630902576
2771;19.0;-15.588457268119893;6.485523197927326e-05
2772;17.5;-16.45448267190433;0.0004719472386229188
2773;16.0;-17.32050807568877;0.0009261415512789253
2774;14.5;-18.18653347947321;0.0001854841787591728
2775;13.0;-19.052558883257646;0.0001545770286935058
2776;11.5;-19.918584287042087;0.0006657296391203129
2777;10.0;-20.784609690826525;0.00028396499598620437
2778;8.5;-21.650635094610962;2.7040706333926165e-05
2779;7.0;-22.516660498395403;0.0004505356070417877
2780;5.5;-23.38268590217984;0.0003388459581348696
2781;4.0;-24.248711305964278;9.423819162373016e-08
2782;2.5;-25.11473670974872;0.000288623785467137
2783;1.0;-25.980762113533157;0.00035581433447163385
2784;58.0;8.660254037844386;1.2037469728241008
2785;56.5;7.7942286340599445;0.18090522974469367
2786;55.0;6.928203230275507;0.39809873166665816
2787;53.5;6.0621778264910695;0.4100966288755276
2788;52.0;5.196152422706632;0.004878921335548241
2789;50.5;4.330127018922191;0.2423825347073529
2790;49.0;3.4641016151377535;0.08131938510651296
2791;47.5;2.598076211353316;0.019938377239845245
2792;46.0;1.732050807568875;0.09457622892178136
2793;44.5;0.8660254037844375;0.019462242105527574
2794;43.0;0.0;0.011838679889002189
2795;41.5;-0.866025403784441;0.03705897113393763
2796;40.0;-1.7320508075688785;0.007212153143598156
2797;38.5;-2.598076211353316;0.004762878318689938
2798;37.0;-3.4641016151377535;0.015948911512504445
2799;35.5;-4.3301270189221945;0.003995351148653196
2800;34.0;-5.196152422706632;0.0014926721812708905
2801;32.5;-6.0621778264910695;0.007453235924243398
2802;31.0;-6.9282032302755105;0.0027965307612294993
2803;29.5;-7.794228634059948;0.00030108185492055994
2804;28.0;-8.660254037844387;0.003619856899795759
2805;26.5;-9.526279441628825;0.002148460533796209
2806;25.0;-10.392304845413264;7.1696301394382465e-06
2807;23.5;-11.258330249197703;0.0017284223683115398
2808;22.0;-12.12435565298214;0.001672650045435309
2809;20.5;-12.99038105676658;5.3509011323908566e-05
2810;19.0;-13.856406460551018;0.0007577496900939492
2811;17.5;-14.722431864335457;0.0012659737981744266
2812;16.0;-15.588457268119896;0.0001919937286998625
2813;14.5;-16.454482671904334;0.0002747768734412275
2814;13.0;-17.32050807568877;0.0009117773695675518
2815;11.5;-18.186533479473212;0.00031551533455681453
2816;10.0;-19.05255888325765;6.462531022818796e-05
2817;8.5;-19.918584287042087;0.0006195243867085371
2818;7.0;-20.784609690826528;0.0003877031864092822
2819;5.5;-21.650635094610966;2.3582113561413912e-06
2820;4.0;-22.516660498395403;0.0003977397255517147
2821;2.5;-23.382685902179844;0.00041007809924236674
2822;1.0;-24.24871130596428;1.063708649144433e-05
2823;58.0;10.392304845413264;0.5517312423983441
2824;56.5;9.526279441628823;0.1255766081362463
2825;55.0;8.660254037844386;0.6079281130095819
2826;53.5;7.794228634059948;0.022125611966432406
2827;52.0;6.9282032302755105;0.24171095016063726
2828;50.5;6.0621778264910695;0.1779083525905957
2829;49.0;5.196152422706632;0.004974733519877773
2830;47.5;4.3301270189221945;0.1265205755391721
2831;46.0;3.4641016151377535;0.04600767649869576
2832;44.5;2.598076211353316;0.008656161137719044
2833;43.0;1.7320508075688785;0.05407746572073248
2834;41.5;0.8660254037844375;0.015311570434951993
2835;40.0;0.0;0.004728920176045126
2836;38.5;-0.8660254037844375;0.023621087106692508
2837;37.0;-1.732050807568875;0.007170351578672314
2838;35.5;-2.598076211353316;0.0017314817893201476
2839;34.0;-3.4641016151377535;0.010987203259592768
2840;32.5;-4.330127018922191;0.004380421115754119
2841;31.0;-5.196152422706632;0.00040591700275446197
2842;29.5;-6.0621778264910695;0.0053333240056671035
2843;28.0;-6.928203230275509;0.003100029115892993
2844;26.5;-7.794228634059946;2.0136358998420958e-05
2845;25.0;-8.660254037844386;0.0025845866867299297
2846;23.5;-9.526279441628825;0.0023195041893904565
2847;22.0;-10.392304845413262;4.33877402515117e-05
2848;20.5;-11.258330249197702;0.00117725245668997
2849;19.0;-12.124355652982139;0.001732731728912631
2850;17.5;-12.990381056766578;0.00019877735539624054
2851;16.0;-13.856406460551018;0.0004614627848049757
2852;14.5;-14.722431864335455;0.0012487646029025231
2853;13.0;-15.588457268119894;0.00035199273711746475
2854;11.5;-16.454482671904334;0.00013074054367748277
2855;10.0;-17.32050807568877;0.0008524609199798561
2856;8.5;-18.186533479473212;0.000447658739958212
2857;7.0;-19.05255888325765;1.3930070275282213e-05
2858;5.5;-19.918584287042087;0.0005486125385152687
2859;4.0;-20.784609690826525;0.0004790335535051088
2860;2.5;-21.650635094610966;3.7768957864933463e-06
2861;1.0;-22.516660498395403;0.0003351448974976581
2862;56.5;11.258330249197698;0.5517312423983439
2863;55.0;10.39230484541326;0.15086872824508046
2864;53.5;9.526279441628823;0.15309942251382988
2865;52.0;8.660254037844386;0.29162808873022317
2866;50.5;7.7942286340599445;0.0023411036796503627
2867;49.0;6.928203230275507;0.1394327164440361
2868;47.5;6.0621778264910695;0.09173334643504281
2869;46.0;5.1961524227066285;0.0027901838682445807
2870;44.5;4.330127018922191;0.07145793717959102
2871;43.0;3.4641016151377535;0.030372713619625725
2872;41.5;2.5980762113533125;0.0033951526707234002
2873;40.0;1.732050807568875;0.03312686069526976
2874;38.5;0.8660254037844375;0.01282346090826192
2875;37.0;0.0;0.0016362687242751082
2876;35.5;-0.866025403784441;0.015657201341005202
2877;34.0;-1.7320508075688785;0.00697520068882882
2878;32.5;-2.598076211353316;0.00045378378315743775
2879;31.0;-3.464101615137757;0.007653965311910649
2880;29.5;-4.3301270189221945;0.004534617332929704
2881;28.0;-5.196152422706634;3.237675297266621e-05
2882;26.5;-6.062177826491071;0.0037660250560953355
2883;25.0;-6.9282032302755105;0.0032354033715145504
2884;23.5;-7.79422863405995;3.6503145430870355e-05
2885;22.0;-8.660254037844387;0.0017740485227962439
2886;20.5;-9.526279441628827;0.002372312134890855
2887;19.0;-10.392304845413264;0.00020722397880644676
2888;17.5;-11.258330249197703;0.0007415175628613951
2889;16.0;-12.124355652982143;0.0017081408516977142
2890;14.5;-12.99038105676658;0.00039394218673626164
2891;13.0;-13.85640646055102;0.0002399366265452347
2892;11.5;-14.722431864335459;0.0011731554047751881
2893;10.0;-15.588457268119896;0.0005206234308944903
2894;8.5;-16.454482671904337;4.0701345599447445e-05
2895;7.0;-17.320508075688775;0.0007583252972981081
2896;5.5;-18.186533479473212;0.0005666974198938484
2897;4.0;-19.05255888325765;1.4664226432804927e-07
2898;2.5;-19.91858428704209;0.00046241802234188087
2899;1.0;-20.784609690826528;0.0005497772455770498
2900;56.5;12.990381056766577;0.2925834527909982
2901;55.0;12.124355652982139;0.04075403964777938
2902;53.5;11.258330249197702;0.3484476379332315
2903;52.0;10.392304845413264;0.03960710030455849
2904;50.5;9.526279441628823;0.11628828677416712
2905;49.0;8.660254037844386;0.15162894442353322
2906;47.5;7.794228634059948;0.00025564036987041144
2907;46.0;6.928203230275507;0.08230381925608703
2908;44.5;6.0621778264910695;0.05478607177688059
2909;43.0;5.196152422706632;0.0011056917277915863
2910;41.5;4.330127018922191;0.04306854205563874
2911;40.0;3.4641016151377535;0.022279051337719784
2912;38.5;2.598076211353316;0.001072312393171525
2913;37.0;1.7320508075688785;0.021312172558516553
2914;35.5;0.8660254037844375;0.011137864187706785
2915;34.0;0.0;0.00038387265790484193
2916;32.5;-0.8660254037844375;0.010631739242923058
2917;31.0;-1.7320508075688785;0.006692570314367228
2918;29.5;-2.598076211353316;3.224911625069191e-05
2919;28.0;-3.4641016151377553;0.005331683785242597
2920;26.5;-4.330127018922193;0.004533104878145764
2921;25.0;-5.196152422706632;3.5526344577826835e-05
2922;23.5;-6.062177826491071;0.002592868600333384
2923;22.0;-6.928203230275509;0.003244668711251663
2924;20.5;-7.794228634059948;0.0002203010120961446
2925;19.0;-8.660254037844386;0.0011467602585499442
2926;17.5;-9.526279441628825;0.002328942949183299
2927;16.0;-10.392304845413264;0.00044218957384391835
2928;14.5;-11.258330249197702;0.0004121451316173249
2929;13.0;-12.12435565298214;0.001611968983782945
2930;11.5;-12.99038105676658;0.0006080883063032987
2931;10.0;-13.856406460551018;9.20047529867169e-05
2932;8.5;-14.722431864335457;0.0010503487068600843
2933;7.0;-15.588457268119896;0.0006775257202511789
2934;5.5;-16.454482671904334;2.2752291079646452e-06
2935;4.0;-17.32050807568877;0.0006407879620381649
2936;2.5;-18.186533479473212;0.000660321312518445
2937;1.0;-19.05255888325765;1.7579668682406974e-05
2938;55.0;13.856406460551018;0.2925834527909979
2939;53.5;12.99038105676658;0.11494374247921138
2940;52.0;12.124355652982143;0.06313208732200137
2941;50.5;11.258330249197702;0.2027487621112029
2942;49.0;10.392304845413264;0.011938979993879486
2943;47.5;9.526279441628827;0.07847280563572338
2944;46.0;8.660254037844386;0.08768627868403031
2945;44.5;7.794228634059948;8.523580208386607e-05
2946;43.0;6.9282032302755105;0.05054941835077119
2947;41.5;6.0621778264910695;0.03670291583208137
2948;40.0;5.196152422706632;0.00025438936191068994
2949;38.5;4.3301270189221945;0.027294758194244033
2950;37.0;3.464101615137757;0.017546997836583932
2951;35.5;2.598076211353316;0.00018283977287216236
2952;34.0;1.7320508075688785;0.01417478110740434
2953;32.5;0.866025403784441;0.009893332056084512
2954;31.0;0.0;1.3286966919482633e-05
2955;29.5;-0.8660254037844375;0.007302253847966263
2956;28.0;-1.7320508075688767;0.006363957009962072
2957;26.5;-2.5980762113533142;4.564413433936936e-05
2958;25.0;-3.4641016151377535;0.0036690038671094755
2959;23.5;-4.330127018922193;0.0044265989524311855
2960;22.0;-5.19615242270663;0.00024374940014150421
2961;20.5;-6.0621778264910695;0.001709782861308326
2962;19.0;-6.928203230275507;0.0031575474620316865
2963;17.5;-7.794228634059946;0.0004985490194639138
2964;16.0;-8.660254037844386;0.000672412256281092
2965;14.5;-9.526279441628823;0.0022051679556845875
2966;13.0;-10.392304845413262;0.0007106414457888694
2967;11.5;-11.258330249197702;0.00018201991635617473
2968;10.0;-12.124355652982139;0.0014554927862047414
2969;8.5;-12.990381056766578;0.0008156171313262099
2970;7.0;-13.856406460551018;1.482307159895343e-05
2971;5.5;-14.722431864335455;0.000892778338878432
2972;4.0;-15.588457268119894;0.0008049144302962038
2973;2.5;-16.454482671904334;9.346626367872549e-06
2974;1.0;-17.32050807568877;0.0005125466873830534
2975;55.0;15.588457268119894;0.17461506534448243
2976;53.5;14.722431864335457;0.015138881822718336
2977;52.0;13.85640646055102;0.2135121082020893
2978;50.5;12.990381056766578;0.044441999746963244
2979;49.0;12.12435565298214;0.057342819068033866
2980;47.5;11.258330249197703;0.12161208355888997
2981;46.0;10.392304845413262;0.004705859609919341
2982;44.5;9.526279441628825;0.051765090187054885
2983;43.0;8.660254037844387;0.056051365792571355
2984;41.5;7.794228634059946;0.00014208039556447706
2985;40.0;6.928203230275509;0.032277834717865536
2986;38.5;6.062177826491071;0.026801214554769474
2987;37.0;5.196152422706634;2.251932169223495e-06
2988;35.5;4.330127018922193;0.017946773776424865
2989;34.0;3.4641016151377553;0.014506699090801873
2990;32.5;2.598076211353318;1.920924614587291e-06
2991;31.0;1.7320508075688767;0.00961956101545239
2992;29.5;0.8660254037844393;0.008917830480507575
2993;28.0;0.0;8.065924529863943e-05
2994;26.5;-0.8660254037844375;0.005011701775286198
2995;25.0;-1.7320508075688767;0.006013910542298833
2996;23.5;-2.598076211353316;0.0002882221831737826
2997;22.0;-3.4641016151377535;0.002455756154217233
2998;20.5;-4.330127018922193;0.004246875943330183
2999;19.0;-5.19615242270663;0.0005673228555423949
3000;17.5;-6.0621778264910695;0.001048044809320418
3001;16.0;-6.928203230275509;0.002992279256882714
3002;14.5;-7.794228634059947;0.0008277599597722149
3003;13.0;-8.660254037844386;0.00033081786509350054
3004;11.5;-9.526279441628823;0.002011186770336292
3005;10.0;-10.392304845413262;0.000983122374449136
3006;8.5;-11.258330249197702;4.618752287551199e-05
3007;7.0;-12.124355652982139;0.0012499866481327174
3008;5.5;-12.990381056766578;0.0009925699295018102
3009;4.0;-13.856406460551018;2.6428499515231165e-06
3010;2.5;-14.722431864335455;0.0007153128172760409
3011;1.0;-15.588457268119894;0.0008881923764367878
3012;53.5;16.454482671904334;0.17461506534448212
3013;52.0;15.588457268119896;0.08692444154340363
3014;50.5;14.722431864335455;0.027970619945023308
3015;49.0;13.856406460551018;0.14292702203229019
3016;47.5;12.99038105676658;0.019208102618113957
3017;46.0;12.124355652982139;0.04415711504925047
3018;44.5;11.258330249197702;0.07769331499610135
3019;43.0;10.392304845413264;0.002623056591446082
3020;41.5;9.526279441628823;0.034423576902937264
3021;40.0;8.660254037844386;0.03898872847737941
3022;38.5;7.794228634059948;0.00031667338679299505
3023;37.0;6.9282032302755105;0.02129132123109083
3024;35.5;6.0621778264910695;0.020855683807222893
3025;34.0;5.196152422706632;0.0001091903214214543
3026;32.5;4.3301270189221945;0.012098758620698067
3027;31.0;3.4641016151377535;0.01240555483132142
3028;29.5;2.598076211353316;0.0001769132367451824
3029;28.0;1.7320508075688767;0.00658262853470741
3030;26.5;0.8660254037844393;0.008120612078112903
3031;25.0;0.0;0.0003733036885843274
3032;23.5;-0.8660254037844393;0.0033905398172061826
3033;22.0;-1.7320508075688767;0.005655859140053566
3034;20.5;-2.598076211353316;0.0006579153964610011
3035;19.0;-3.4641016151377535;0.0015616880922493777
3036;17.5;-4.330127018922193;0.004011542371297185
3037;16.0;-5.196152422706632;0.0009587209244851152
3038;14.5;-6.06217782649107;0.0005635169635287326
3039;13.0;-6.928203230275509;0.0027572296217752406
3040;11.5;-7.794228634059947;0.0011779262827001159
3041;10.0;-8.660254037844386;0.00011078252116160901
3042;8.5;-9.526279441628825;0.0017539435030131858
3043;7.0;-10.392304845413264;0.0012308849327262888
3044;5.5;-11.258330249197702;7.355219883733345e-08
3045;4.0;-12.12435565298214;0.001009730592851552
3046;2.5;-12.990381056766578;0.0011156895658684168
3047;1.0;-13.856406460551018;4.4310423337848725e-05
3048;53.5;18.186533479473212;0.11455970340004511
3049;52.0;17.32050807568877;0.006304833363931245
3050;50.5;16.45448267190433;0.14004995873969725
3051;49.0;15.588457268119894;0.042844157141637716
3052;47.5;14.722431864335457;0.029264466757459605
3053;46.0;13.856406460551016;0.09589049184023876
3054;44.5;12.990381056766578;0.00990541638861357
3055;43.0;12.12435565298214;0.0321159553937067
3056;41.5;11.2583302491977;0.053095693689604706
3057;40.0;10.392304845413262;0.002015032733557429
3058;38.5;9.526279441628825;0.023276544850229973
3059;37.0;8.660254037844387;0.029023153561982786
3060;35.5;7.794228634059946;0.0005976254710616471
3061;34.0;6.928203230275509;0.014392464601375695
3062;32.5;6.062177826491071;0.017008854680680873
3063;31.0;5.19615242270663;0.0004171254207138123
3064;29.5;4.330127018922193;0.00827310009338993
3065;28.0;3.4641016151377535;0.010869615682405366
3066;26.5;2.598076211353316;0.0005347218236793476
3067;25.0;1.7320508075688767;0.0044877122514298045
3068;23.5;0.8660254037844375;0.007449667111759907
3069;22.0;0.0;0.0007886612952017531
3070;20.5;-0.8660254037844393;0.002220514370487364
3071;19.0;-1.7320508075688767;0.0052957921755568665
3072;17.5;-2.598076211353316;0.00110582821327699
3073;16.0;-3.4641016151377553;0.0009049714719346809
3074;14.5;-4.330127018922194;0.0037266094023459045
3075;13.0;-5.196152422706632;0.0013918458352853557
3076;11.5;-6.06217782649107;0.00023109715304338288
3077;10.0;-6.928203230275509;0.0024525086556257234
3078;8.5;-7.794228634059948;0.0015208036789208397
3079;7.0;-8.660254037844386;8.309548204762197e-06
3080;5.5;-9.526279441628825;0.0014414623681510569
3081;4.0;-10.392304845413264;0.0014209443028668205
3082;2.5;-11.258330249197702;3.5036423799966476e-05
3083;1.0;-12.12435565298214;0.0007553033602182064
3084;52.0;19.05255888325765;0.11455970340004488
3085;50.5;18.18653347947321;0.06711400818347077
3086;49.0;17.32050807568877;0.013263847670083413
3087;47.5;16.454482671904334;0.10378518411700421
3088;46.0;15.588457268119893;0.022827728575047713
3089;44.5;14.722431864335455;0.02514552999642964
3090;43.0;13.856406460551018;0.06661528835303404
3091;41.5;12.990381056766577;0.0062236525807400096
3092;40.0;12.124355652982139;0.022962826317674347
3093;38.5;11.258330249197702;0.038582392399056066
3094;37.0;10.392304845413264;0.0019234794431668848
3095;35.5;9.526279441628823;0.01600334934138114
3096;34.0;8.660254037844386;0.02278611904951097
3097;32.5;7.794228634059948;0.0009598919623260247
3098;31.0;6.928203230275507;0.009887494369909945
3099;29.5;6.0621778264910695;0.014366305315985506
3100;28.0;5.19615242270663;0.000835380110146022
3101;26.5;4.330127018922193;0.0056783020574825965
3102;25.0;3.4641016151377535;0.009698026494139853
3103;23.5;2.5980762113533142;0.0009915049367031175
3104;22.0;1.7320508075688767;0.0030055925494734564
3105;20.5;0.8660254037844375;0.0068734706184216
3106;19.0;0.0;0.0012804992354187512
3107;17.5;-0.8660254037844393;0.001368121838553241
3108;16.0;-1.7320508075688785;0.004933956146597529
3109;14.5;-2.598076211353317;0.0016127759957570687
3110;13.0;-3.4641016151377553;0.00043624922737838667
3111;11.5;-4.330127018922194;0.0033865450235199507
3112;10.0;-5.196152422706632;0.0018483249795604314
3113;8.5;-6.062177826491071;4.2649532572397435e-05
3114;7.0;-6.92820323027551;0.0020728117327731737
3115;5.5;-7.794228634059948;0.0018186400731212552
3116;4.0;-8.660254037844387;2.189231381367623e-05
3117;2.5;-9.526279441628825;0.0010900888652470274
3118;1.0;-10.392304845413264;0.0015159848694537693
3119;52.0;20.784609690826528;0.08107672866467035
3120;50.5;19.918584287042087;0.002886583969497466
3121;49.0;19.05255888325765;0.09783799265146796
3122;47.5;18.186533479473212;0.039054405511318
3123;46.0;17.32050807568877;0.015509017457806541
3124;44.5;16.454482671904334;0.07596841489949338
3125;43.0;15.588457268119896;0.013700764308443542
3126;41.5;14.722431864335455;0.019894852709439963
3127;40.0;13.856406460551018;0.04837326990329608
3128;38.5;12.99038105676658;0.004679154131499702
3129;37.0;12.124355652982143;0.016389036254380124
3130;35.5;11.258330249197702;0.029541757187145787
3131;34.0;10.392304845413264;0.0020586923720955306
3132;32.5;9.526279441628827;0.011146694006313174
3133;31.0;8.660254037844386;0.018648640104303817
3134;29.5;7.794228634059948;0.0013782022127071989
3135;28.0;6.928203230275509;0.006845143098254048
3136;26.5;6.062177826491071;0.012463114407626671
3137;25.0;5.196152422706632;0.0013165150483859676
3138;23.5;4.330127018922193;0.0038681866828560044
3139;22.0;3.4641016151377553;0.008776488989130101
3140;20.5;2.598076211353316;0.001510071151878386
3141;19.0;1.7320508075688785;0.00194011743182405
3142;17.5;0.8660254037844393;0.006372960894215296
3143;16.0;0.0;0.001835496662046362
3144;14.5;-0.8660254037844384;0.0007507287379279207
3145;13.0;-1.7320508075688767;0.004564192922040155
3146;11.5;-2.598076211353315;0.002178297213380219
3147;10.0;-3.4641016151377535;0.00013275184419508495
3148;8.5;-4.330127018922193;0.002971770480878544
3149;7.0;-5.196152422706631;0.0023023959532966214
3150;5.5;-6.0621778264910695;6.027757225839413e-06
3151;4.0;-6.928203230275509;0.0016152658698764225
3152;2.5;-7.794228634059947;0.0020132533064988233
3153;1.0;-8.660254037844386;0.0001404888172973637
3154;50.5;21.650635094610962;0.08107672866467013
3155;49.0;20.784609690826528;0.05336692186829085
3156;47.5;19.918584287042087;0.006687614470293169
3157;46.0;19.052558883257646;0.07806419817039123
3158;44.5;18.186533479473212;0.023983015211099624
3159;43.0;17.32050807568877;0.01458277920769801
3160;41.5;16.45448267190433;0.05655333017493987
3161;40.0;15.588457268119894;0.009362561135794022
3162;38.5;14.722431864335457;0.015173045036441018
3163;37.0;13.85640646055102;0.036704143592650736
3164;35.5;12.990381056766578;0.004040329470288691
3165;34.0;12.12435565298214;0.011731830175222434
3166;32.5;11.258330249197703;0.023619505101177513
3167;31.0;10.392304845413262;0.002314426138441108
3168;29.5;9.526279441628825;0.007823675458353037
3169;28.0;8.660254037844386;0.01576925294228618
3170;26.5;7.794228634059948;0.0018352919994476333
3171;25.0;6.928203230275509;0.004733166641074059
3172;23.5;6.0621778264910695;0.011042189678545915
3173;22.0;5.196152422706632;0.0018393013876304815
3174;20.5;4.330127018922193;0.0025802175144764797
3175;19.0;3.4641016151377553;0.00803810401773239
3176;17.5;2.598076211353316;0.0020801545137578152
3177;16.0;1.7320508075688767;0.0011711532817297414
3178;14.5;0.8660254037844384;0.005938985320510481
3179;13.0;0.0;0.0024666503549302006
3180;11.5;-0.8660254037844384;0.0003201747660272616
3181;10.0;-1.7320508075688767;0.0041687242790678005
3182;8.5;-2.598076211353316;0.0028136512106507836
3183;7.0;-3.4641016151377544;2.1611730671770743e-06
3184;5.5;-4.330127018922193;0.002445636262584861
3185;4.0;-5.196152422706632;0.002694494516976726
3186;2.5;-6.06217782649107;0.00013731505658415234
3187;1.0;-6.928203230275509;0.0010989981517367273
3188;50.5;23.38268590217984;0.06098306933781985
3189;49.0;22.516660498395403;0.0014282543923325147
3190;47.5;21.650635094610966;0.07225616583246797
3191;46.0;20.784609690826525;0.03497918663777398
3192;44.5;19.918584287042087;0.00853267433296134
3193;43.0;19.05255888325765;0.061126124797352084
3194;41.5;18.18653347947321;0.01599663486375007
3195;40.0;17.32050807568877;0.012394733660747071
3196;38.5;16.454482671904334;0.043302265798679275
3197;37.0;15.588457268119896;0.007210226370369287
3198;35.5;14.722431864335455;0.011378532576960993
3199;34.0;13.856406460551018;0.02897954274052248
3200;32.5;12.99038105676658;0.003834113283940054
3201;31.0;12.124355652982139;0.008421029998683847
3202;29.5;11.258330249197702;0.01956491796337869
3203;28.0;10.392304845413262;0.002644336211753148
3204;26.5;9.526279441628825;0.0054986048343114826
3205;25.0;8.660254037844386;0.013687334954847112
3206;23.5;7.794228634059946;0.002322745717057121
3207;22.0;6.928203230275509;0.003236125397270236
3208;20.5;6.0621778264910695;0.009954856754249945
3209;19.0;5.196152422706632;0.0023988629065870466
3210;17.5;4.330127018922193;0.00165464167814932
3211;16.0;3.4641016151377535;0.007445273247666205
3212;14.5;2.598076211353315;0.0027106476926182406
3213;13.0;1.7320508075688767;0.0006250466267303038
3214;11.5;0.8660254037844384;0.005575058659673852
3215;10.0;0.0;0.003223160853687443
3216;8.5;-0.8660254037844393;6.0727293092538076e-05
3217;7.0;-1.7320508075688776;0.003701095728768315
3218;5.5;-2.598076211353316;0.0035243866702077266
3219;4.0;-3.464101615137755;9.827096018396095e-05
3220;2.5;-4.330127018922194;0.0017636094404122622
3221;1.0;-5.196152422706632;0.0028851401362475627
3222;49.0;24.24871130596428;0.060983069337819634
3223;47.5;23.382685902179844;0.04374591879563472
3224;46.0;22.516660498395403;0.0035581010584769734
3225;44.5;21.650635094610966;0.060849569345862844
3226;43.0;20.784609690826528;0.02380990328950272
3227;41.5;19.918584287042087;0.00863643138164387
3228;40.0;19.05255888325765;0.048140838027771124
3229;38.5;18.186533479473212;0.011680976880724373
3230;37.0;17.320508075688775;0.010002679743011457
3231;35.5;16.454482671904334;0.03419779116916308
3232;34.0;15.588457268119896;0.006124039860245432
3233;32.5;14.722431864335459;0.00845986878819831
3234;31.0;13.856406460551018;0.02368452059936827
3235;29.5;12.99038105676658;0.0038603346727719497
3236;28.0;12.124355652982139;0.006043983496354122
3237;26.5;11.258330249197702;0.016683899132413596
3238;25.0;10.392304845413264;0.0030264953061917154
3239;23.5;9.526279441628823;0.0038414328210317553
3240;22.0;8.660254037844386;0.012138346486544455
3241;20.5;7.794228634059947;0.002839527035187685
3242;19.0;6.92820323027551;0.002161024140258427
3243;17.5;6.06217782649107;0.00911356694519475
3244;16.0;5.196152422706631;0.003001694008886867
3245;14.5;4.330127018922193;0.000992141645178453
3246;13.0;3.4641016151377544;0.006982634581966771
3247;11.5;2.598076211353316;0.0034294174608775984
3248;10.0;1.7320508075688776;0.0002593738613659731
3249;8.5;0.8660254037844384;0.005311199307702596
3250;7.0;0.0;0.004236083924720549
3251;5.5;-0.8660254037844384;1.805039361667503e-05
3252;4.0;-1.7320508075688772;0.0030379907681832193
3253;2.5;-2.598076211353316;0.0042290493986167285
3254;1.0;-3.4641016151377544;0.0005306476999281834
3255;49.0;25.980762113533157;0.04818344467226987
3256;47.5;25.11473670974872;0.0007529660224937588
3257;46.0;24.248711305964278;0.05597741954860341
3258;44.5;23.38268590217984;0.03130976548795596
3259;43.0;22.516660498395403;0.004862467924236101
3260;41.5;21.650635094610962;0.05019211913601193
3261;40.0;20.784609690826525;0.017188147663428875
3262;38.5;19.918584287042087;0.007798060845696871
3263;37.0;19.05255888325765;0.038567145446621126
3264;35.5;18.18653347947321;0.009287523846869492
3265;34.0;17.32050807568877;0.007841925866361113
3266;32.5;16.454482671904334;0.027825873829930847
3267;31.0;15.588457268119894;0.005600030089120615
3268;29.5;14.722431864335457;0.006251181350281574
3269;28.0;13.856406460551018;0.01993631117995455
3270;26.5;12.99038105676658;0.004026276006721113
3271;25.0;12.12435565298214;0.004318228153172646
3272;23.5;11.258330249197702;0.014574964403782475
3273;22.0;10.392304845413264;0.003451271679809185
3274;20.5;9.526279441628825;0.0026446993518722144
3275;19.0;8.660254037844387;0.010964990807098021
3276;17.5;7.794228634059948;0.003390387734063718
3277;16.0;6.928203230275509;0.0013866663009793534
3278;14.5;6.0621778264910695;0.00846872675447145
3279;13.0;5.196152422706632;0.003663566884147693
3280;11.5;4.330127018922193;0.000530599925544236
3281;10.0;3.464101615137755;0.00665790431263149
3282;8.5;2.5980762113533156;0.004289057331591622
3283;7.0;1.7320508075688772;5.4568976478910924e-05
3284;5.5;0.8660254037844388;0.005252232168726661
3285;4.0;0.0;0.005886090227007661
3286;2.5;-0.8660254037844386;0.0004666847695879661
3287;1.0;-1.7320508075688772;0.0018860132423552188
3288;47.5;26.846787517317598;0.04818344467226965
3289;46.0;25.980762113533157;0.03688975205170765
3290;44.5;25.11473670974872;0.001982780722072
3291;43.0;24.24871130596428;0.04905076921334711
3292;41.5;23.38268590217984;0.02302584237592574
3293;40.0;22.516660498395403;0.00522632023871836
3294;38.5;21.650635094610966;0.041370286102551314
3295;37.0;20.784609690826528;0.01324576329142599
3296;35.5;19.918584287042087;0.006608870145286789
3297;34.0;19.05255888325765;0.031565476405274656
3298;32.5;18.186533479473212;0.007940967923087652
3299;31.0;17.32050807568877;0.006037101144624368
3300;29.5;16.454482671904334;0.023266051348612427
3301;28.0;15.588457268119894;0.005397505984166641
3302;26.5;14.722431864335457;0.004587120327357598
3303;25.0;13.856406460551018;0.017208513805854773
3304;23.5;12.990381056766578;0.00428605895865775
3305;22.0;12.12435565298214;0.003053537047872027
3306;20.5;11.258330249197702;0.012997446132811733
3307;19.0;10.392304845413264;0.003916219220223089
3308;17.5;9.526279441628825;0.0017752865917290007
3309;16.0;8.660254037844386;0.01007236748163277
3310;14.5;7.794228634059947;0.003984540572138433
3311;13.0;6.928203230275509;0.0008353526954119899
3312;11.5;6.06217782649107;0.007997702353382652
3313;10.0;5.196152422706632;0.0044083119530442475
3314;8.5;4.330127018922193;0.00023106623728967406
3315;7.0;3.4641016151377544;0.006511159689986744
3316;5.5;2.598076211353316;0.005373575639198626
3317;4.0;1.7320508075688772;6.928860717227072e-07
3318;2.5;0.8660254037844386;0.0057590595512106695
3319;1.0;0.0;0.009504564417202127
