edge_index;vertex_1_index;vertex_2_index;probabilitycurrent
0;0;1573;-0.0004893224953775562
1;0;1574;0.0004893224953775562
2;1;1574;-0.0016367463774252318
3;1;1575;0.0016367463774252318
4;2;1575;-0.003658270369972174
5;2;1576;0.003658270369971986
6;3;1576;-0.006409889640964873
7;3;1577;0.006409889640964873
8;4;1577;-0.009200312203625176
9;4;1578;0.009200312203625178
10;5;1578;-0.01092336665210682
11;5;1579;0.01092336665210682
12;6;1579;-0.010579323579995633
13;6;1580;0.010579323579993985
14;7;1580;-0.007936763058073226
15;7;1581;0.007936763058073226
16;8;1581;-0.0038662057127492305
17;8;1582;0.0038662057127492305
18;9;1583;-0.0009108445666903703
19;9;1584;0.0009108445666903703
20;10;1573;0.0004893224953775562
21;10;1584;-0.0033059961292861762
22;10;1585;0.0028166736339086205
23;11;1574;0.0011474238820476756
24;11;1585;-0.006604884561840328
25;11;1586;0.005457460679792652
26;12;1575;0.002021523992546942
27;12;1586;-0.009614919015711185
28;12;1587;0.007593395023164242
29;13;1576;0.0027516192709928864
30;13;1587;-0.010335831855092119
31;13;1588;0.007584212584099233
32;14;1577;0.0027904225626603036
33;14;1588;-0.007691165030634841
34;14;1589;0.004900742467974538
35;15;1578;0.0017230544484816432
36;15;1589;-0.00302615317955822
37;15;1590;0.0013030987310765768
38;16;1579;-0.0003440430721111872
39;16;1590;0.00026019032137970604
40;16;1591;8.385275073148113e-05
41;17;1580;-0.0026425605219207587
42;17;1591;-0.0006440646148731738
43;17;1592;0.0032866251367939326
44;18;1581;-0.004070557345323996
45;18;1592;-0.005062664026396789
46;18;1593;0.009133221371720785
47;19;1582;-0.003866205712749231
48;19;1593;-0.008674711998275776
49;19;1594;0.012540917711025008
50;20;1594;-0.00703435720977375
51;20;1595;0.00703435720977375
52;21;1596;-0.0009108445666903499
53;21;1597;0.0009108445666903499
54;22;1583;0.0009108445666903703
55;22;1597;-0.003958096572418329
56;22;1598;0.003047252005727959
57;23;1584;0.002395151562595806
58;23;1598;-0.008013036109620834
59;23;1599;0.005617884547025032
60;24;1585;0.0037882109279317065
61;24;1599;-0.010428930525120873
62;24;1600;0.006640719597189166
63;25;1586;0.0041574583359185345
64;25;1600;-0.008820303149742833
65;25;1601;0.004662844813824299
66;26;1587;0.002742436831927878
67;26;1601;-0.0038946579937560967
68;26;1602;0.0011522211618282163
69;27;1588;0.00010695244653560973
70;27;1602;-6.123854670344078e-05
71;27;1603;-4.571389983216855e-05
72;28;1589;-0.001874589288416319
73;28;1603;-0.0012574592762182638
74;28;1604;0.003132048564634581
75;29;1590;-0.0015632890524562841
76;29;1604;-0.006065620413736
77;29;1605;0.007628909466192284
78;30;1591;0.0005602118641416924
79;30;1605;-0.008482996741264457
80;30;1606;0.007922784877122765
81;31;1592;0.0017760388896028573
82;31;1606;-0.004922177831617828
83;31;1607;0.003146138942014964
84;32;1593;-0.0004585093734450073
85;32;1607;0.00045022413115431434
86;32;1608;8.28524229069291e-06
87;33;1594;-0.005506560501251256
88;33;1608;-6.88276841278934e-05
89;33;1609;0.005575388185379152
90;34;1595;-0.00703435720977375
91;34;1609;-0.007122281153580132
92;34;1610;0.014156638363353883
93;35;1610;-0.00910514839079328
94;35;1611;0.00910514839079328
95;36;1612;-0.0004893224953775117
96;36;1613;0.0004893224953775117
97;37;1596;0.00091084456669035
98;37;1613;-0.0033059961292860682
99;37;1614;0.002395151562595718
100;38;1597;0.00304725200572798
101;38;1614;-0.008013036109620772
102;38;1615;0.004965784103892794
103;39;1598;0.004965784103892876
104;39;1615;-0.010511030853972326
105;39;1616;0.005545246750079447
106;40;1599;0.004811045978095839
107;40;1616;-0.007662964956256438
108;40;1617;0.0028519189781606013
109;41;1600;0.0021795835525536674
110;41;1617;-0.0020290643920003173
111;41;1618;-0.00015051916055335013
112;42;1601;-0.0007681868200682023
113;42;1618;-0.00010035006712900437
114;42;1619;0.0008685368871972062
115;43;1602;-0.0010909826151247754
116;43;1619;-0.00416939196956365
117;43;1620;0.005260374584688424
118;44;1603;0.001303173176050432
119;44;1620;-0.008417392449082017
120;44;1621;0.007114219273031623
121;45;1604;0.0029335718491014192
122;45;1621;-0.006429649305107999
123;45;1622;0.003496077456006579
124;46;1605;0.0008540872750721709
125;46;1622;-0.0008092809836501517
126;46;1623;-4.480629142201914e-05
127;47;1606;-0.0030006070455049377
128;47;1623;-0.00016854555701811046
129;47;1624;0.003169152602523048
130;48;1607;-0.003596363073169276
131;48;1624;-0.0059426062985369
132;48;1625;0.009538969371706176
133;49;1608;6.0542441837200484e-05
134;49;1625;-0.008726124663418482
135;49;1626;0.008665582221581281
136;50;1609;0.0015468929682009803
137;50;1626;-0.002733292601780364
138;50;1627;0.001186399633579384
139;51;1610;-0.005051489972560604
140;51;1627;0.0019491677153134477
141;51;1628;0.0031023222572471552
142;52;1611;-0.00910514839079328
143;52;1628;-0.005591836203126923
144;52;1629;0.014696984593920201
145;53;1629;-0.01062937285657635
146;53;1630;0.01062937285657635
147;54;1612;0.0004893224953775117
148;54;1631;-0.001636746377425073
149;54;1632;0.0011474238820475611
150;55;1613;0.0028166736339085567
151;55;1632;-0.006604884561840121
152;55;1633;0.0037882109279315625
153;56;1614;0.00561788454702505
154;56;1633;-0.010428930525120788
155;56;1634;0.004811045978095739
156;57;1615;0.0055452467500795325
157;57;1634;-0.007662964956256443
158;57;1635;0.002117718206176913
159;58;1616;0.002117718206176992
160;58;1635;-0.0015329920391326164
161;58;1636;-0.0005847261670443755
162;59;1617;-0.0008228545861602839
163;59;1636;-0.0006104739117066844
164;59;1637;0.0014333284978669683
165;60;1618;0.0002508692276823546
166;60;1637;-0.005890797264196536
167;60;1638;0.0056399280365141795
168;61;1619;0.0033008550823664428
169;61;1638;-0.008573971333128944
170;61;1639;0.0052731162507625015
171;62;1620;0.0031570178643935904
172;62;1639;-0.003997366625366323
173;62;1640;0.0008403487609727324
174;63;1621;-0.00068456996792363
175;63;1640;0.00021560096314108727
176;63;1641;0.00046896900478254997
177;64;1622;-0.002686796472356428
178;64;1641;-0.0033850672930771804
179;64;1642;0.006071863765433607
180;65;1623;0.0002133518484401296
181;65;1642;-0.00870851281929376
182;65;1643;0.008495160970853628
183;66;1624;0.002773453696013853
184;66;1643;-0.005873138992173045
185;66;1644;0.003099685296159193
186;67;1625;-0.0008128447082876953
187;67;1644;0.0005659522241214143
188;67;1645;0.00024689248416628104
189;68;1626;-0.005932289619800919
190;68;1645;-0.0018144554019521044
191;68;1646;0.007746745021753025
192;69;1627;-0.0031355673488928314
193;69;1646;-0.009433398296618769
194;69;1647;0.012568965645511597
195;70;1628;0.0024895139458797656
196;70;1647;-0.006269895030181213
197;70;1648;0.0037803810843014497
198;71;1629;-0.004067611737343852
199;71;1648;0.0023501020016647133
200;71;1649;0.0017175097356791388
201;72;1630;-0.01062937285657635
202;72;1649;-0.0044881499376474895
203;72;1650;0.015117522794223837
204;73;1650;-0.011980984886836868
205;73;1651;0.011980984886836866
206;74;1631;0.0016367463774250735
207;74;1652;-0.0036582703699718014
208;74;1653;0.002021523992546728
209;75;1632;0.005457460679792559
210;75;1653;-0.009614919015710956
211;75;1654;0.0041574583359183966
212;76;1633;0.00664071959718923
213;76;1654;-0.008820303149742838
214;76;1655;0.002179583552553605
215;77;1634;0.0028519189781607045
216;77;1655;-0.002029064392000338
217;77;1656;-0.0008228545861603665
218;78;1635;-0.0005847261670442958
219;78;1656;-0.0006104739117066633
220;78;1657;0.0011952000787509587
221;79;1636;0.001195200078751061
222;79;1657;-0.006404954766932704
223;79;1658;0.005209754688181642
224;80;1637;0.004457468766329567
225;80;1658;-0.008275349473771943
226;80;1659;0.003817880707442376
227;81;1638;0.0029340432966147682
228;81;1659;-0.002624829375898376
229;81;1660;-0.0003092139207163917
230;82;1639;-0.001275749625396178
231;82;1660;-0.00021861132169985627
232;82;1661;0.0014943609470960345
233;83;1640;-0.0010559497241138186
234;83;1661;-0.005883662044507036
235;83;1662;0.0069396117686208545
236;84;1641;0.00291609828829463
237;84;1662;-0.00881050188037319
238;84;1663;0.005894403592078558
239;85;1642;0.002636649053860147
240;85;1663;-0.0029712235351839157
241;85;1664;0.00033457448132377454
242;86;1643;-0.002622021978680584
243;86;1664;0.0003410744569936964
244;86;1665;0.0022809475216868883
245;87;1644;-0.003665637520280608
246;87;1665;-0.006042006088395899
247;87;1666;0.009707643608676507
248;88;1645;0.0015675629177858245
249;88;1666;-0.009516148039059293
250;88;1667;0.007948585121273468
251;89;1646;0.0016866532748657428
252;89;1667;-0.0020031694967008614
253;89;1668;0.0003165162218351187
254;90;1647;-0.006299070615330381
255;90;1668;0.0008871872024615449
256;90;1669;0.005411883412868836
257;91;1648;-0.006130483085966162
258;91;1669;-0.008735571891370482
259;91;1670;0.014866054977336642
260;92;1649;0.0027706402019683487
261;92;1670;-0.009193241575169993
262;92;1671;0.006422601373201646
263;93;1650;-0.0031365379073869694
264;93;1671;0.0021585797671730238
265;93;1672;0.000977958140213946
266;94;1651;-0.011980984886836868
267;94;1672;-0.0037356161614587324
268;94;1673;0.0157166010482956
269;95;1673;-0.013324540193014753
270;95;1674;0.013324540193014753
271;96;1652;0.0036582703699718296
272;96;1675;-0.006409889640964571
273;96;1676;0.0027516192709927407
274;97;1653;0.007593395023164227
275;97;1676;-0.010335831855092036
276;97;1677;0.0027424368319278105
277;98;1654;0.0046628448138244395
278;98;1677;-0.003894657993756161
279;98;1678;-0.0007681868200682765
280;99;1655;-0.0001505191605532648
281;99;1678;-0.00010035006712895707
282;99;1679;0.00025086922768222184
283;100;1656;0.0014333284978670317
284;100;1679;-0.0058907972641964864
285;100;1680;0.004457468766329455
286;101;1657;0.0052097546881817456
287;101;1680;-0.008275349473771955
288;101;1681;0.0030655947855902097
289;102;1658;0.003065594785590299
290;102;1681;-0.0022177419734155258
291;102;1682;-0.0008478528121747741
292;103;1659;-0.0011930513315440002
293;103;1682;-0.0007152021890506557
294;103;1683;0.0019082535205946559
295;104;1660;0.0005278252424162492
296;104;1683;-0.007166533555640606
297;104;1684;0.006638708313224356
298;105;1661;0.0043893010974109985
299;105;1684;-0.008076179179001915
300;105;1685;0.003686878081590916
301;106;1662;0.0018708901117523353
302;106;1685;-0.0013323681017744144
303;106;1686;-0.0005385220099779207
304;107;1663;-0.0029231800568946423
305;107;1686;-0.0012576839681066403
306;107;1687;0.004180864025001283
307;108;1664;-0.0006756489383174706
308;108;1687;-0.008581715007512397
309;108;1688;0.009257363945829856
310;109;1665;0.00376105856670901
311;109;1688;-0.0077056670253387175
312;109;1689;0.003944608458629708
313;110;1666;-0.00019149556961721526
314;110;1689;0.00012500283732070364
315;110;1690;6.649273229651162e-05
316;111;1667;-0.005945415624572606
317;111;1690;-0.002471547882797718
318;111;1691;0.008416963507370322
319;112;1668;-0.0012037034242966638
320;112;1691;-0.010784858351739885
321;112;1692;0.01198856177603655
322;113;1669;0.003323688478501645
323;113;1692;-0.005426686555898097
324;113;1693;0.002102998077396452
325;114;1670;-0.005672813402166658
326;114;1693;0.0021091752673019154
327;114;1694;0.0035636381348647436
328;115;1671;-0.008581181140374667
329;115;1694;-0.007716135997801337
330;115;1695;0.016297317138176004
331;116;1672;0.0027576580212447877
332;116;1695;-0.0115599855523719
333;116;1696;0.00880232753112711
334;117;1673;-0.002392060855280847
335;117;1696;0.0018148174940072984
336;117;1697;0.0005772433612735491
337;118;1674;-0.013324540193014753
338;118;1697;-0.003215429219311193
339;118;1698;0.016539969412325946
340;119;1698;-0.014719739769365353
341;119;1699;0.014719739769365353
342;120;1675;0.006409889640964571
343;120;1700;-0.00920031220362471
344;120;1701;0.0027904225626601397
345;121;1676;0.007584212584099297
346;121;1701;-0.007691165030634861
347;121;1702;0.0001069524465355642
348;122;1677;0.0011522211618283508
349;122;1702;-6.123854670342236e-05
350;122;1703;-0.0010909826151249283
351;123;1678;0.0008685368871972352
352;123;1703;-0.004169391969563553
353;123;1704;0.003300855082366318
354;124;1679;0.0056399280365142645
355;124;1704;-0.008573971333128958
356;124;1705;0.0029340432966146945
357;125;1680;0.003817880707442488
358;125;1705;-0.002624829375898392
359;125;1706;-0.0011930513315440972
360;126;1681;-0.0008478528121746836
361;126;1706;-0.0007152021890506384
362;126;1707;0.001563055001225322
363;127;1682;0.0015630550012254297
364;127;1707;-0.007537348689291054
365;127;1708;0.005974293688065624
366;128;1683;0.005258280035045941
367;128;1708;-0.007532667223366122
368;128;1709;0.0022743871883201833
369;129;1684;0.0014374708657775592
370;129;1709;-0.0006711897131794766
371;129;1710;-0.0007662811525980826
372;130;1685;-0.0023545099798165034
373;130;1710;-0.002749392839519344
374;130;1711;0.005103902819335848
375;131;1686;0.0017962059780845608
376;131;1711;-0.00963338166900432
377;131;1712;0.00783717569091976
378;132;1687;0.004400850982511118
379;132;1712;-0.005776244795213934
380;132;1713;0.0013753938127028153
381;133;1688;-0.001551696920491139
382;133;1713;0.0004495562617628369
383;133;1714;0.001102140658728302
384;134;1689;-0.004069611295950413
385;134;1714;-0.00564663080127994
386;134;1715;0.009716242097230349
387;135;1690;0.0024050551505012075
388;135;1715;-0.010794837985645046
389;135;1716;0.008389782835143838
390;136;1691;0.0023678948443695627
391;136;1716;-0.002425502218836165
392;136;1717;5.760737446660187e-05
393;137;1692;-0.006561875220138453
394;137;1717;0.0001436120884144693
395;137;1718;0.006418263131723983
396;138;1693;-0.00421217334469837
397;138;1718;-0.010631429114143809
398;138;1719;0.014843602458842177
399;139;1694;0.0041524978629365935
400;139;1719;-0.008660870979522294
401;139;1720;0.004508373116585701
402;140;1695;-0.0047373315858041075
403;140;1720;0.002435162652275624
404;140;1721;0.0023021689335284835
405;141;1696;-0.010617145025134406
406;141;1721;-0.006775961374256502
407;141;1722;0.017393106399390908
408;142;1697;0.0026381858580376443
409;142;1722;-0.013587789246413315
410;142;1723;0.01094960338837567
411;143;1698;-0.0018202296429605932
412;143;1723;0.0014686673334475511
413;143;1724;0.0003515623095130413
414;144;1699;-0.014719739769365355
415;144;1724;-0.002842996063030947
416;144;1725;0.0175627358323963
417;145;1725;-0.01618350413053478
418;145;1726;0.01618350413053478
419;146;1700;0.00920031220362471
420;146;1727;-0.010923366652106234
421;146;1728;0.0017230544484815244
422;147;1701;0.004900742467974719
423;147;1728;-0.0030261531795583016
424;147;1729;-0.0018745892884164182
425;148;1702;-4.571389983214184e-05
426;148;1729;-0.0012574592762180877
427;148;1730;0.0013031731760502294
428;149;1703;0.005260374584688482
429;149;1730;-0.008417392449082007
430;149;1731;0.003157017864393526
431;150;1704;0.005273116250762641
432;150;1731;-0.003997366625366363
433;150;1732;-0.0012757496253962767
434;151;1705;-0.0003092139207163037
435;151;1732;-0.00021861132169981095
436;151;1733;0.0005278252424161145
437;152;1706;0.0019082535205947357
438;152;1733;-0.00716653355564058
439;152;1734;0.0052582800350458436
440;153;1707;0.005974293688065733
441;153;1734;-0.007532667223366145
442;153;1735;0.0015583735353004071
443;154;1708;0.0015583735353005064
444;154;1735;-0.000512847920921666
445;154;1736;-0.0010455256143788406
446;155;1709;-0.0016031974751407065
447;155;1736;-0.003562333002963326
448;155;1737;0.005165530478104034
449;156;1710;0.0035156739921174264
450;156;1737;-0.009921872738018294
451;156;1738;0.006406198745900869
452;157;1711;0.004529478849668473
453;157;1738;-0.004446051086634697
454;157;1739;-8.34277630337756e-05
455;158;1712;-0.0020609308957058254
456;158;1739;-4.66600260678612e-05
457;158;1740;0.0021075909217736838
458;159;1713;-0.0018249500744656525
459;159;1740;-0.00783776794635472
460;159;1741;0.00966271802082036
461;160;1714;0.004544490142551639
462;160;1741;-0.00981477868439731
463;160;1742;0.005270288541845672
464;161;1715;0.0010785958884146967
465;161;1742;-0.0007269408140468132
466;161;1743;-0.00035165507436788374
467;162;1716;-0.005964280616307671
468;162;1743;-0.002501967165306818
469;162;1744;0.008466247781614492
470;163;1717;-0.00020121946288107105
471;163;1744;-0.012026146381533865
472;163;1745;0.012227365844414938
473;164;1718;0.004213165982419826
474;164;1745;-0.005728553453465152
475;164;1746;0.0015153874710453253
476;165;1719;-0.006182731479319883
477;165;1746;0.0015927508360680208
478;165;1747;0.004589980643251864
479;166;1720;-0.006943535768861324
480;166;1747;-0.009902682695873782
481;166;1748;0.016846218464735104
482;167;1721;0.004473792440728019
483;167;1748;-0.011481228703166355
484;167;1749;0.007007436262438335
485;168;1722;-0.00380531715297758
486;168;1749;0.002322030669442425
487;168;1750;0.0014832864835351558
488;169;1723;-0.012418270721823221
489;169;1750;-0.006006835203430254
490;169;1751;0.018425105925253482
491;170;1724;0.0024914337535179043
492;170;1751;-0.015442561524412746
493;170;1752;0.01295112777089484
494;171;1725;-0.0013792317018615258
495;171;1752;0.001160591977713535
496;171;1753;0.00021863972414798744
497;172;1726;-0.01618350413053478
498;172;1753;-0.002565455009533483
499;172;1754;0.018748959140068258
500;173;1754;-0.01771612378516403
501;173;1755;0.017716123785164028
502;174;1727;0.010923366652106234
503;174;1756;-0.010579323579995038
504;174;1757;-0.00034404307211119607
505;175;1728;0.001303098731076777
506;175;1757;0.0002601903213797707
507;175;1758;-0.0015632890524565467
508;176;1729;0.003132048564634506
509;176;1758;-0.006065620413735783
510;176;1759;0.0029335718491012774
511;177;1730;0.0071142192730317775
512;177;1759;-0.0064296493051080785
513;177;1760;-0.0006845699679236994
514;178;1731;0.0008403487609728376
515;178;1760;0.0002156009631411356
516;178;1761;-0.0010559497241139737
517;179;1732;0.0014943609470960877
518;179;1761;-0.0058836620445069775
519;179;1762;0.00438930109741089
520;180;1733;0.006638708313224465
521;180;1762;-0.008076179179001945
522;180;1763;0.00143747086577748
523;181;1734;0.0022743871883203013
524;181;1763;-0.0006711897131794736
525;181;1764;-0.001603197475140828
526;182;1735;-0.0010455256143787413
527;182;1764;-0.0035623330029633093
528;182;1765;0.00460785861734205
529;183;1736;0.004607858617342166
530;183;1765;-0.00996133476509714
531;183;1766;0.005353476147754974
532;184;1737;0.004756342259914262
533;184;1766;-0.003810916307259848
534;184;1767;-0.0009454259526544139
535;185;1738;-0.001960147659266183
536;185;1767;-0.0006034432782195734
537;185;1768;0.0025635909374857567
538;186;1739;0.0001300877891016368
539;186;1768;-0.009066931230276867
540;186;1769;0.00893684344117523
541;187;1740;0.005730177024581024
542;187;1769;-0.00871513891647932
543;187;1770;0.0029849618918983004
544;188;1741;0.0001520606635769505
545;188;1770;-6.425112383281036e-05
546;188;1771;-8.780953974414014e-05
547;189;1742;-0.004543347727798861
548;189;1771;-0.0048859263321185216
549;189;1772;0.009429274059917381
550;190;1743;0.0028536222396747
551;190;1772;-0.012242804849177431
552;190;1773;0.009389182609502729
553;191;1744;0.0035598985999193734
554;191;1773;-0.003461461961859306
555;191;1774;-9.8436638060067e-05
556;192;1745;-0.0064988123909497705
557;192;1774;-0.00017674483203090018
558;192;1775;0.006675557222980674
559;193;1746;-0.003108138307113352
560;193;1775;-0.012069106976962448
561;193;1776;0.015177245284075807
562;194;1747;0.005312702052621918
563;194;1776;-0.009002125539692851
564;194;1777;0.0036894234870709333
565;195;1748;-0.005364989761568755
566;195;1777;0.0021900921086401934
567;195;1778;0.0031748976529285614
568;196;1749;-0.009329466931880765
569;196;1778;-0.00904579775909855
570;196;1779;0.018375264690979304
571;197;1750;0.004523548719895099
572;197;1779;-0.013947583129631819
573;197;1780;0.009424034409736722
574;198;1751;-0.0029825444008407696
575;198;1780;0.0020257238099712508
576;198;1781;0.000956820590869519
577;199;1752;-0.014111719748608378
578;199;1781;-0.005398029957332737
579;199;1782;0.01950974970594114
580;200;1753;0.002346815285385495
581;200;1782;-0.017222696819925137
582;200;1783;0.014875881534539642
583;201;1754;-0.0010328353549042297
584;201;1783;0.000895822856275492
585;201;1784;0.00013701249862873752
586;202;1755;-0.017716123785164028
587;202;1784;-0.0023501619830263096
588;202;1785;0.02006628576819034
589;203;1785;-0.019310931557804934
590;203;1786;0.019310931557804934
591;204;1756;0.010579323579995477
592;204;1787;-0.007936763058074331
593;204;1788;-0.0026425605219211456
594;205;1757;8.385275073142536e-05
595;205;1788;-0.000644064614872696
596;205;1789;0.0005602118641412713
597;206;1758;0.007628909466192331
598;206;1789;-0.008482996741264457
599;206;1790;0.0008540872750721273
600;207;1759;0.003496077456006802
601;207;1790;-0.0008092809836501673
602;207;1791;-0.0026867964723566356
603;208;1760;0.0004689690047825638
604;208;1791;-0.0033850672930770256
605;208;1792;0.002916098288294462
606;209;1761;0.006939611768620952
607;209;1792;-0.008810501880373224
608;209;1793;0.0018708901117522698
609;210;1762;0.003686878081591055
610;210;1793;-0.0013323681017744192
611;210;1794;-0.002354509979816636
612;211;1763;-0.0007662811525980067
613;211;1794;-0.0027493928395192846
614;211;1795;0.0035156739921172915
615;212;1764;0.005165530478104136
616;212;1795;-0.009921872738018294
617;212;1796;0.004756342259914163
618;213;1765;0.005353476147755092
619;213;1796;-0.0038109163072598544
620;213;1797;-0.0015425598404952376
621;214;1766;-0.0015425598404951281
622;214;1797;-0.0008270463181618618
623;214;1798;0.00236960615865699
624;215;1767;0.0015488692308739784
625;215;1798;-0.009590710747632994
626;215;1799;0.008041841516759018
627;216;1768;0.006503340292791112
628;216;1799;-0.007948130030798008
629;216;1800;0.001444789738006895
630;217;1769;-0.00022170452469590882
631;217;1800;4.997109859383576e-05
632;217;1801;0.0001717334261020731
633;218;1770;-0.002920710768065493
634;218;1801;-0.006605479552021096
635;218;1802;0.00952619032008659
636;219;1771;0.004973735871862666
637;219;1802;-0.011870047263312346
638;219;1803;0.00689631139144968
639;220;1772;0.0028135307892600495
640;220;1803;-0.002021410292500847
641;220;1804;-0.0007921204967592025
642;221;1773;-0.00592772064764342
643;221;1804;-0.0021761080168386506
644;221;1805;0.00810382866448207
645;222;1774;0.0002751814700909672
646;222;1805;-0.013228923313699022
647;222;1806;0.012953741843608056
648;223;1775;0.005393549753981774
649;223;1806;-0.00672217696883415
650;223;1807;0.0013286272148523752
651;224;1776;-0.006175119744382955
652;224;1807;0.0012096396730523857
653;224;1808;0.00496548007133057
654;225;1777;-0.005879515595711117
655;225;1808;-0.011535700267922225
656;225;1809;0.017415215863633364
657;226;1778;0.005870900106169987
658;226;1809;-0.011995674056240722
659;226;1810;0.006124773950070735
660;227;1779;-0.004427681561347483
661;227;1810;0.002273919168829021
662;227;1811;0.002153762392518465
663;228;1780;-0.011449758219707971
664;228;1811;-0.008242896025639218
665;228;1812;0.01969265424534719
666;229;1781;0.004441209366463218
667;229;1812;-0.016171820301805983
668;229;1813;0.011730610935342764
669;230;1782;-0.002287052886016009
670;230;1813;0.0016713953281637546
671;230;1814;0.0006156575578522548
672;231;1783;-0.015771704390815135
673;231;1814;-0.00491541376983525
674;231;1815;0.02068711816065038
675;232;1784;0.0022131494843975726
676;232;1815;-0.01897990646771246
677;232;1816;0.01676675698331489
678;233;1785;-0.0007553542103854059
679;233;1816;0.000670223697135646
680;233;1817;8.513051324976001e-05
681;234;1786;-0.019310931557804934
682;234;1817;-0.002176395513845329
683;234;1818;0.021487327071650263
684;235;1818;-0.020957656838633508
685;235;1819;0.020957656838633508
686;236;1787;0.00793676305807433
687;236;1820;-0.003866205712749762
688;236;1821;-0.004070557345324567
689;237;1788;0.0032866251367938415
690;237;1821;-0.005062664026396621
691;237;1822;0.0017760388896027783
692;238;1789;0.007922784877123189
693;238;1822;-0.004922177831618057
694;238;1823;-0.0030006070455051302
695;239;1790;-4.480629142196e-05
696;239;1823;-0.00016854555701789842
697;239;1824;0.00021335184843985838
698;240;1791;0.006071863765433661
699;240;1824;-0.008708512819293756
700;240;1825;0.0026366490538600957
701;241;1792;0.005894403592078762
702;241;1825;-0.0029712235351839703
703;241;1826;-0.0029231800568947923
704;242;1793;-0.0005385220099778515
705;242;1826;-0.0012576839681065486
706;242;1827;0.0017962059780843981
707;243;1794;0.005103902819335921
708;243;1827;-0.009633381669004317
709;243;1828;0.004529478849668395
710;244;1795;0.006406198745900997
711;244;1828;-0.00444605108663472
712;244;1829;-0.0019601476592662785
713;245;1796;-0.0009454259526543082
714;245;1829;-0.0006034432782195357
715;245;1830;0.0015488692308738435
716;246;1797;0.0023696061586570977
717;246;1830;-0.009590710747633003
718;246;1831;0.007221104588975905
719;247;1798;0.007221104588976004
720;247;1831;-0.007680416347036053
721;247;1832;0.0004593117580600486
722;248;1799;-9.371148596099788e-05
723;248;1832;7.108730261065872e-06
724;248;1833;8.660275569993206e-05
725;249;1800;-0.0014947608366007309
726;249;1833;-0.0075992531625865434
727;249;1834;0.009094013999187274
728;250;1801;0.006433746125919026
729;250;1834;-0.011389689655168738
730;250;1835;0.004955943529249715
731;251;1802;0.002343856943225758
732;251;1835;-0.0012519259139813505
733;251;1836;-0.0010919310292444072
734;252;1803;-0.004874901098948838
735;252;1836;-0.003908998472253365
736;252;1837;0.008783899571202203
737;253;1804;0.0029682285135978525
738;253;1837;-0.013648411459664616
739;253;1838;0.010680182946066749
740;254;1805;0.005125094649216951
741;254;1838;-0.004951918041154335
742;254;1839;-0.00017317660806261665
743;255;1806;-0.006231564874773906
744;255;1839;-0.00021503726150039155
745;255;1840;0.006446602136274291
746;256;1807;-0.0025382668879047627
747;256;1840;-0.013285497713453977
748;256;1841;0.015823764601358745
749;257;1808;0.006570220196591656
750;257;1841;-0.009978085777264348
751;257;1842;0.003407865580672692
752;258;1809;-0.0054195418073926275
753;258;1842;0.0018620022586313865
754;258;1843;0.003557539548761241
755;259;1810;-0.008398693118899755
756;259;1843;-0.010797755040868641
757;259;1844;0.019196448159768398
758;260;1811;0.006089133633120754
759;260;1844;-0.014694063294978875
760;260;1845;0.008604929661858121
761;261;1812;-0.0035208339435412097
762;261;1845;0.002082633873868178
763;261;1846;0.0014382000696730314
764;262;1813;-0.013402006263506516
765;262;1846;-0.007547130428216841
766;262;1847;0.020949136691723352
767;263;1814;0.0042997562119829955
768;263;1847;-0.018246522844462897
769;263;1848;0.013946766632479901
770;264;1815;-0.0017072116929379346
771;264;1848;0.0013157614704344504
772;264;1849;0.00039145022250348433
773;265;1816;-0.01743698068045053
774;265;1849;-0.0045259051918688665
775;265;1850;0.021962885872319392
776;266;1817;0.002091265000595569
777;266;1850;-0.020737753838594657
778;266;1851;0.01864648883799909
779;267;1818;-0.0005296702330167555
780;267;1851;0.0004783535381000688
781;267;1852;5.131669491668677e-05
782;268;1819;-0.020957656838633505
783;268;1852;-0.0020304665339250646
784;268;1853;0.022988123372558573
785;269;1853;-0.02264357828052422
786;269;1854;0.022643578280524223
787;270;1820;0.003866205712749762
788;270;1855;-0.003866205712749762
789;271;1821;0.009133221371721189
790;271;1855;-0.008674711998276137
791;271;1856;-0.0004585093734450496
792;272;1822;0.0031461389420152763
793;272;1856;0.00045022413115438547
794;272;1857;-0.0035963630731696613
795;273;1823;0.003169152602523027
796;273;1857;-0.0059426062985368025
797;273;1858;0.002773453696013774
798;274;1824;0.008495160970853895
799;274;1858;-0.005873138992173179
800;274;1859;-0.002622021978680713
801;275;1825;0.00033457448132387553
802;275;1859;0.0003410744569938119
803;275;1860;-0.000675648938317687
804;276;1826;0.004180864025001334
805;276;1860;-0.008581715007512376
806;276;1861;0.004400850982511044
807;277;1827;0.007837175690919919
808;277;1861;-0.005776244795213985
809;277;1862;-0.0020609308957059338
810;278;1828;-8.342776303367228e-05
811;278;1862;-4.666002606780572e-05
812;278;1863;0.00013008778910147798
813;279;1829;0.0025635909374858157
814;279;1863;-0.009066931230276843
815;279;1864;0.006503340292791034
816;280;1830;0.008041841516759152
817;280;1864;-0.007948130030798056
818;280;1865;-9.371148596110183e-05
819;281;1831;0.00045931175806015404
820;281;1865;7.1087302610753755e-06
821;281;1866;-0.0004664204883212294
822;282;1832;-0.0004664204883211145
823;282;1866;-0.007919994418238173
824;282;1867;0.008386414906559288
825;283;1833;0.007512650406886604
826;283;1867;-0.011087974772229309
827;283;1868;0.0035753243653427
828;284;1834;0.002295675655981465
829;284;1868;-0.0009129523104105003
830;284;1869;-0.0013827233455709648
831;285;1835;-0.0037040176152683536
832;285;1869;-0.005127236514180538
833;285;1870;0.00883125412944889
834;286;1836;0.005000929501497777
835;286;1870;-0.013670471469306444
836;286;1871;0.00866954196780867
837;287;1837;0.004864511888462413
838;287;1871;-0.0037528640238557445
839;287;1872;-0.0011116478646066678
840;288;1838;-0.005728264904912416
841;288;1872;-0.0016728402810720308
842;288;1873;0.007401105185984447
843;289;1839;0.0003882138695630085
844;289;1873;-0.014342628480730514
845;289;1874;0.013954414611167506
846;290;1840;0.006838895577179685
847;290;1874;-0.008199915948848486
848;290;1875;0.0013610203716688007
849;291;1841;-0.005845678824094399
850;291;1875;0.0009767459497711161
851;291;1876;0.0048689328743232825
852;292;1842;-0.005269867839304075
853;292;1876;-0.012851781623432486
854;292;1877;0.018121649462736575
855;293;1843;0.007240215492107401
856;293;1877;-0.013031066483674601
857;293;1878;0.005790850991567202
858;294;1844;-0.004502384864789526
859;294;1878;0.0020255646250081313
860;294;1879;0.0024768202397813946
861;295;1845;-0.010687563535726297
862;295;1879;-0.010039802352750869
863;295;1880;0.020727365888477164
864;296;1846;0.0061089303585438095
865;296;1880;-0.017156322481356824
866;296;1881;0.011047392122813016
867;297;1847;-0.0027026138472604575
868;297;1881;0.001760736299261796
869;297;1882;0.0009418775479986604
870;298;1848;-0.015262528102914352
871;298;1882;-0.0069589466124581716
872;298;1883;0.022221474715372523
873;299;1849;0.004134454969365382
874;299;1883;-0.02023323321120746
875;299;1884;0.01609877824184208
876;300;1850;-0.0012251320337247225
877;300;1884;0.0009830454442267813
878;300;1885;0.00024208658949794124
879;301;1851;-0.019124842376099162
880;301;1885;-0.004202912518725623
881;301;1886;0.023327754894824776
882;302;1852;0.0019791498390083783
883;302;1886;-0.022503188979163414
884;302;1887;0.020524039140155038
885;303;1853;-0.00034454509203435
886;303;1887;0.000315589498548245
887;303;1888;2.8955593486104916e-05
888;304;1854;-0.022643578280524223
889;304;1888;-0.0019029678927956414
890;304;1889;0.024546546173319864
891;305;1889;-0.02435400738075811
892;305;1890;0.02435400738075811
893;306;1855;0.012540917711025898
894;306;1891;-0.007034357209774239
895;306;1892;-0.005506560501251659
896;307;1856;8.285242290664057e-06
897;307;1892;-6.882768412765032e-05
898;307;1893;6.054244183698628e-05
899;308;1857;0.009538969371706466
900;308;1893;-0.008726124663418704
901;308;1894;-0.0008128447082877582
902;309;1858;0.003099685296159397
903;309;1894;0.000565952224121485
904;309;1895;-0.0036656375202808846
905;310;1859;0.002280947521686901
906;310;1895;-0.006042006088395831
907;310;1896;0.00376105856670893
908;311;1860;0.009257363945830061
909;311;1896;-0.007705667025338824
910;311;1897;-0.0015516969204912383
911;312;1861;0.001375393812702942
912;312;1897;0.0004495562617629035
913;312;1898;-0.0018249500744658455
914;313;1862;0.0021075909217737393
915;313;1898;-0.007837767946354688
916;313;1899;0.005730177024580948
917;314;1863;0.008936843441175367
918;314;1899;-0.008715138916479386
919;314;1900;-0.00022170452469597886
920;315;1864;0.0014447897380070111
921;315;1900;4.997109859385526e-05
922;315;1901;-0.0014947608366008688
923;316;1865;8.660275570002645e-05
924;316;1901;-0.007599253162586536
925;316;1902;0.00751265040688651
926;317;1866;0.008386414906559402
927;317;1902;-0.011087974772229326
928;317;1903;0.002701559865669924
929;318;1867;0.0027015598656700214
930;318;1903;-0.0008218666874827345
931;318;1904;-0.001879693178187287
932;319;1868;-0.0026623720549321995
933;319;1904;-0.005744839452060774
934;319;1905;0.008407211506992971
935;320;1869;0.006509959859751502
936;320;1905;-0.013572952668577444
937;320;1906;0.0070629928088259426
938;321;1870;0.004839217339857554
939;321;1906;-0.0030482216982445987
940;321;1907;-0.0017909956416129558
941;322;1871;-0.004916677943952926
942;322;1907;-0.0028693168096211264
943;322;1908;0.00778599475357405
944;323;1872;0.002784488145678699
945;323;1908;-0.014886181482654822
946;323;1909;0.012101693336976124
947;324;1873;0.006941523294746066
948;324;1909;-0.006818886419594772
949;324;1910;-0.00012263687515129534
950;325;1874;-0.005754498662319019
951;325;1910;-0.00010449389323048004
952;325;1911;0.005858992555549503
953;326;1875;-0.0023377663214399166
954;326;1911;-0.014340401987031386
955;326;1912;0.016678168308471304
956;327;1876;0.007982848749109206
957;327;1912;-0.011424915248318224
958;327;1913;0.00344206649920902
959;328;1877;-0.005090582979061967
960;328;1913;0.001556662591173527
961;328;1914;0.003533920387888442
962;329;1878;-0.007816415616575336
963;329;1914;-0.012210528307646382
964;329;1915;0.02002694392422175
965;330;1879;0.007562982112969474
966;330;1915;-0.015847170376066165
967;330;1916;0.008284188263096693
968;331;1880;-0.0035710434071203456
969;331;1916;0.0018946677605194595
970;331;1917;0.001676375646600886
971;332;1881;-0.012808128422074811
972;332;1917;-0.00933740763409295
973;332;1918;0.022145536056167765
974;333;1882;0.006017069064459511
975;333;1918;-0.019448467857192987
976;333;1919;0.013431398792733477
977;334;1883;-0.001988241504165064
978;334;1919;0.001389875854921
979;334;1920;0.0005983656492440638
980;335;1884;-0.017081823686068864
981;335;1920;-0.006461065183033029
982;335;1921;0.023542888869101893
983;336;1885;0.003960825929227682
984;336;1921;-0.0221673682947389
985;336;1922;0.018206542365511218
986;337;1886;-0.000824565915661369
987;337;1922;0.0006828801761191201
988;337;1923;0.00014168573954224893
989;338;1887;-0.020839628638703284
990;338;1923;-0.003926195955142641
991;338;1924;0.024765824593845916
992;339;1888;0.0018740122993095366
993;339;1924;-0.0242731045469606
994;339;1925;0.022399092247651062
995;340;1889;-0.00019253879256175114
996;340;1925;0.00017840921939350752
997;340;1926;1.4129573168243602e-05
998;341;1890;-0.024354007380758113
999;341;1926;-0.0017872332356921217
1000;341;1927;0.026141240616450234
1001;342;1927;-0.026072660008412366
1002;342;1928;0.026072660008412362
1003;343;1891;0.007034357209774239
1004;343;1929;-0.007034357209774239
1005;344;1892;0.00557538818537931
1006;344;1929;-0.0071222811535803085
1007;344;1930;0.001546892968200998
1008;345;1893;0.008665582221581718
1009;345;1930;-0.0027332926017804736
1010;345;1931;-0.005932289619801245
1011;346;1894;0.00024689248416627307
1012;346;1931;-0.0018144554019519604
1013;346;1932;0.001567562917785687
1014;347;1895;0.009707643608676722
1015;347;1932;-0.009516148039059449
1016;347;1933;-0.0001914955696172773
1017;348;1896;0.003944608458629895
1018;348;1933;0.00012500283732074852
1019;348;1934;-0.004069611295950643
1020;349;1897;0.0011021406587283346
1021;349;1934;-0.0056466308012798755
1022;349;1935;0.004544490142551541
1023;350;1898;0.009662718020820523
1024;350;1935;-0.009814778684397393
1025;350;1936;0.0001520606635768825
1026;351;1899;0.002984961891898438
1027;351;1936;-6.425112383278409e-05
1028;351;1937;-0.002920710768065652
1029;352;1900;0.0001717334261021236
1030;352;1937;-0.00660547955202106
1031;352;1938;0.00643374612591893
1032;353;1901;0.009094013999187404
1033;353;1938;-0.011389689655168782
1034;353;1939;0.002295675655981386
1035;354;1902;0.0035753243653428145
1036;354;1939;-0.0009129523104104956
1037;354;1940;-0.0026623720549323188
1038;355;1903;-0.0018796931781871887
1039;355;1940;-0.0057448394520607645
1040;355;1941;0.007624532630247953
1041;356;1904;0.007624532630248062
1042;356;1941;-0.013522403842672432
1043;356;1942;0.005897871212424372
1044;357;1905;0.005165741161584483
1045;357;1942;-0.002730490196615794
1046;357;1943;-0.0024352509649686895
1047;358;1906;-0.004014771110581345
1048;358;1943;-0.003637118440018126
1049;358;1944;0.0076518895505994725
1050;359;1907;0.004660312451234083
1051;359;1944;-0.01511732530021473
1052;359;1945;0.010457012848980648
1053;360;1908;0.007100186729080769
1054;360;1945;-0.0058711986250749686
1055;360;1946;-0.001228988104005805
1056;361;1909;-0.0052828069173813524
1057;361;1946;-0.0011248116669696987
1058;361;1947;0.0064076185843510505
1059;362;1910;0.00022713076838177545
1060;362;1947;-0.015317936513833886
1061;362;1948;0.015090805745452088
1062;363;1911;0.008481409431481884
1063;363;1948;-0.0100501478701815
1064;363;1949;0.0015687384386996175
1065;364;1912;-0.005253253060153075
1066;364;1949;0.000835456428000785
1067;364;1950;0.0044177966321522905
1068;365;1913;-0.004998729090382547
1069;365;1950;-0.013953100705929807
1070;365;1951;0.018951829796312356
1071;366;1914;0.008676607919757941
1072;366;1951;-0.014490362397963466
1073;366;1952;0.005813754478205525
1074;367;1915;-0.00417977354815558
1075;367;1952;0.0017075728473210062
1076;367;1953;0.0024722007008345743
1077;368;1916;-0.01017885602361615
1078;368;1953;-0.011516796968975583
1079;368;1954;0.02169565299259173
1080;369;1917;0.007661031987492065
1081;369;1954;-0.018455369826915362
1082;369;1955;0.010794337839423296
1083;370;1918;-0.002697068198974774
1084;370;1955;0.001602288739335906
1085;370;1956;0.001094779459638868
1086;371;1919;-0.014821274647654484
1087;371;1956;-0.008711329016312396
1088;371;1957;0.023532603663966888
1089;372;1920;0.005862699533788965
1090;372;1957;-0.0216217787470751
1091;372;1958;0.015759079213286134
1092;373;1921;-0.0013755205743629915
1093;373;1958;0.0010147163593950126
1094;373;1959;0.00036080421496797815
1095;374;1922;-0.01888942254163034
1096;374;1959;-0.006032673956794618
1097;374;1960;0.02492209649842496
1098;375;1923;0.003784510215600393
1099;375;1960;-0.024065447268283593
1100;375;1961;0.020280937052683197
1101;376;1924;-0.0004927200468853163
1102;376;1961;0.00041859857566679115
1103;376;1962;7.412147121852529e-05
1104;377;1925;-0.02257750146704457
1105;377;1962;-0.003680565795658062
1106;377;1963;0.02625806726270263
1107;378;1926;0.0017731036625238787
1108;378;1963;-0.026038097837280068
1109;378;1964;0.02426499417475618
1110;379;1927;-6.8580608037872e-05
1111;379;1964;6.416562565415e-05
1112;379;1965;4.414982383722018e-06
1113;380;1928;-0.026072660008412362
1114;380;1965;-0.0016784676882766617
1115;380;1966;0.027751127696689026
1116;381;1966;-0.027782110288826555
1117;381;1967;0.027782110288826555
1118;382;1929;0.014156638363354547
1119;382;1968;-0.009105148390793695
1120;382;1969;-0.005051489972560854
1121;383;1930;0.0011863996335794757
1122;383;1969;0.001949167715313629
1123;383;1970;-0.0031355673488931046
1124;384;1931;0.007746745021753206
1125;384;1970;-0.00943339829661894
1126;384;1971;0.0016866532748657345
1127;385;1932;0.007948585121273761
1128;385;1971;-0.002003169496700895
1129;385;1972;-0.005945415624572865
1130;386;1933;6.649273229652877e-05
1131;386;1972;-0.002471547882797612
1132;386;1973;0.002405055150501083
1133;387;1934;0.009716242097230519
1134;387;1973;-0.010794837985645156
1135;387;1974;0.0010785958884146386
1136;388;1935;0.005270288541845837
1137;388;1974;-0.000726940814046791
1138;388;1975;-0.00454334772779905
1139;389;1936;-8.780953974409841e-05
1140;389;1975;-0.004885926332118476
1141;389;1976;0.004973735871862575
1142;390;1937;0.009526190320086716
1143;390;1976;-0.011870047263312429
1144;390;1977;0.002343856943225706
1145;391;1938;0.00495594352924985
1146;391;1977;-0.001251925913981351
1147;391;1978;-0.003704017615268499
1148;392;1939;-0.0013827233455708907
1149;392;1978;-0.005127236514180518
1150;392;1979;0.006509959859751409
1151;393;1940;0.008407211506993082
1152;393;1979;-0.01357295266857748
1153;393;1980;0.0051657411615843975
1154;394;1941;0.005897871212424469
1155;394;1980;-0.0027304901966157926
1156;394;1981;-0.0031673810158086763
1157;395;1942;-0.0031673810158085775
1158;395;1981;-0.003899994106574701
1159;395;1982;0.007067375122383278
1160;396;1943;0.006072369404986816
1161;396;1982;-0.015191928753558626
1162;396;1983;0.00911955934857181
1163;397;1944;0.007465435749615263
1164;397;1983;-0.005329170114384139
1165;397;1984;-0.0021362656352311308
1166;398;1945;-0.004585814223905679
1167;398;1984;-0.0018970722271128486
1168;398;1985;0.006482886451018528
1169;399;1946;0.002353799770975504
1170;399;1985;-0.015896465358889913
1171;399;1986;0.013542665587914409
1172;400;1947;0.008910317929482837
1173;400;1986;-0.008999347017220514
1174;400;1987;8.902908773767587e-05
1175;401;1948;-0.005040657875270584
1176;401;1987;5.112269979924901e-05
1177;401;1988;0.004989535175471327
1178;402;1949;-0.002404194866700403
1179;402;1988;-0.015246299476389162
1180;402;1989;0.01765049434308956
1181;403;1950;0.009535304073777517
1182;403;1989;-0.013238532311626918
1183;403;1990;0.0037032282378494027
1184;404;1951;-0.004461467398348898
1185;404;1990;0.0012756843790705601
1186;404;1991;0.003185783019278338
1187;405;1952;-0.00752132732552653
1188;405;1991;-0.013386144809106661
1189;405;1992;0.020907472134633204
1190;406;1953;0.00904459626814101
1191;406;1992;-0.017365677760823164
1192;406;1993;0.008321081492682156
1193;407;1954;-0.0032402831656763685
1194;407;1993;0.0015824592629818325
1195;407;1994;0.001657823902694536
1196;408;1955;-0.012396626578759196
1197;408;1994;-0.010843904840017064
1198;408;1995;0.02324053141877626
1199;409;1956;0.007616549556673528
1200;409;1995;-0.020898491906347252
1201;409;1996;0.013281942349673725
1202;410;1957;-0.0019108249168917637
1203;410;1996;0.0012334985713845763
1204;410;1997;0.0006773263455071875
1205;411;1958;-0.016773795572681147
1206;411;1997;-0.008157723833212574
1207;411;1998;0.02493151940589372
1208;412;1959;0.005671869741826641
1209;412;1998;-0.02370918956205991
1210;412;1999;0.01803731982023327
1211;413;1960;-0.0008566492301413649
1212;413;1999;0.000659438147826675
1213;413;2000;0.00019721108231468985
1214;414;1961;-0.02069953562834999
1215;414;2000;-0.005654507843582351
1216;414;2001;0.02635404347193234
1217;415;1962;0.0036064443244395363
1218;415;2001;-0.02593102015335043
1219;415;2002;0.02232457582891089
1220;416;1963;-0.00021996942542257348
1221;416;2002;0.00019086141253994493
1222;416;2003;2.9108012882628537e-05
1223;417;1964;-0.02432915980041033
1224;417;2003;-0.0034546687552503026
1225;417;2004;0.027783828555660632
1226;418;1965;0.0016740527058929397
1227;418;2004;-0.027784818546126737
1228;418;2005;0.026110765840233797
1229;419;1966;3.098259213752524e-05
1230;419;2005;-2.92280998342077e-05
1231;419;2006;-1.7544923033175412e-06
1232;420;1967;-0.02778211028882655
1233;420;2006;-0.0015732543763700164
1234;420;2007;0.029355364665196566
1235;421;2007;-0.029464375727417835
1236;421;2008;0.029464375727417835
1237;422;1968;0.009105148390793695
1238;422;2009;-0.009105148390793695
1239;423;1969;0.0031023222572472238
1240;423;2009;-0.005591836203127024
1241;423;2010;0.002489513945879792
1242;424;1970;0.012568965645512045
1243;424;2010;-0.006269895030181402
1244;424;2011;-0.006299070615330641
1245;425;1971;0.0003165162218351547
1246;425;2011;0.0008871872024616716
1247;425;2012;-0.0012037034242968255
1248;426;1972;0.008416963507370482
1249;426;2012;-0.010784858351740026
1250;426;2013;0.0023678948443695393
1251;427;1973;0.00838978283514407
1252;427;2013;-0.002425502218836184
1253;427;2014;-0.0059642806163078856
1254;428;1974;-0.0003516550743678474
1255;428;2014;-0.0025019671653067413
1256;428;2015;0.002853622239674589
1257;429;1975;0.009429274059917527
1258;429;2015;-0.012242804849177526
1259;429;2016;0.002813530789259998
1260;430;1976;0.006896311391449854
1261;430;2016;-0.002021410292500848
1262;430;2017;-0.004874901098949006
1263;431;1977;-0.0010919310292443526
1264;431;2017;-0.00390899847225332
1265;431;2018;0.005000929501497673
1266;432;1978;0.008831254129449007
1267;432;2018;-0.013670471469306496
1268;432;2019;0.004839217339857489
1269;433;1979;0.007062992808826072
1270;433;2019;-0.0030482216982446048
1271;433;2020;-0.004014771110581466
1272;434;1980;-0.002435250964968605
1273;434;2020;-0.003637118440018114
1274;434;2021;0.006072369404986719
1275;435;1981;0.0070673751223833785
1276;435;2021;-0.015191928753558646
1277;435;2022;0.008124553631175264
1278;436;1982;0.008124553631175348
1279;436;2022;-0.005154026932170387
1280;436;2023;-0.002970526699004962
1281;437;1983;-0.0037903892341876726
1282;437;2023;-0.002308643216572039
1283;437;2024;0.0060990324507597116
1284;438;1984;0.004033337862343979
1285;438;2024;-0.01618997085372892
1286;438;2025;0.012156632991384936
1287;439;1985;0.009413578907871381
1288;439;2025;-0.008302691872694407
1289;439;2026;-0.0011108870351769573
1290;440;1986;-0.004543318570693894
1291;440;2026;-0.0006293391285040005
1292;440;2027;0.005172657699197877
1293;441;1987;-0.00014015178753692487
1294;441;2027;-0.016129402015489895
1295;441;2028;0.01626955380302682
1296;442;1988;0.010256764300917843
1297;442;2028;-0.01219947296845876
1298;442;2029;0.0019427086675409284
1299;443;1989;-0.004411962031462645
1300;443;2029;0.0007218328480884399
1301;443;2030;0.003690129183374197
1302;444;1990;-0.004978912616919963
1303;444;2030;-0.01488687934079352
1304;444;2031;0.01986579195771344
1305;445;1991;0.010200361789828322
1306;445;2031;-0.01629723766909114
1307;445;2032;0.006096875879262815
1308;446;1992;-0.0035417943738100368
1309;446;2032;0.0013554050951543042
1310;446;2033;0.0021863892786557326
1311;447;1993;-0.009903540755663989
1312;447;2033;-0.012758705150091653
1313;447;2034;0.02266224590575564
1314;448;1994;0.009186080937322526
1315;448;2034;-0.02006489373282918
1316;448;2035;0.010878812795506652
1317;449;1995;-0.0023420395124290013
1318;449;2035;0.0012941514311291583
1319;449;2036;0.001047888081299843
1320;450;1996;-0.014515440921058314
1321;450;2036;-0.010218902886633498
1322;450;2037;0.024734343807691843
1323;451;1997;0.007480397487705385
1324;451;2037;-0.023213227025410406
1325;451;2038;0.01573282953770502
1326;452;1998;-0.0012223298438338369
1327;452;2038;0.0008411836624867094
1328;452;2039;0.00038114618134712787
1329;453;1999;-0.018696757968059936
1330;453;2039;-0.007663270696439195
1331;453;2040;0.02636002866449915
1332;454;2000;0.005457296761267661
1333;454;2040;-0.025727636639949376
1334;454;2041;0.020270339878681716
1335;455;2001;-0.0004230233185819136
1336;455;2041;0.00033712838541123083
1337;455;2042;8.589493317068261e-05
1338;456;2002;-0.022515437241450838
1339;456;2042;-0.005310311657145316
1340;456;2043;0.027825748898596153
1341;457;2003;0.0034255607423676736
1342;457;2043;-0.027758994098951828
1343;457;2044;0.024333433356584153
1344;458;2004;9.899904660893778e-07
1345;458;2044;-8.74413897911003e-07
1346;458;2045;-1.1557656817837499e-07
1347;459;2005;-0.02608153774039959
1348;459;2045;-0.003240111314784264
1349;459;2046;0.02932164905518385
1350;460;2006;0.001575008868673334
1351;460;2046;-0.02949764308172392
1352;460;2047;0.027922634213050593
1353;461;2007;0.0001090110622212662
1354;461;2047;-0.00010357511490574777
1355;461;2048;-5.4359473155184855e-06
1356;462;2008;-0.029464375727417835
1357;462;2048;-0.0014692710159430607
1358;462;2049;0.030933646743360896
1359;463;2049;-0.03110161534314069
1360;463;2050;0.03110161534314069
1361;464;2009;0.014696984593920718
1362;464;2051;-0.010629372856576698
1363;464;2052;-0.0040676117373440205
1364;465;2010;0.00378038108430161
1365;465;2052;0.002350102001664845
1366;465;2053;-0.006130483085966455
1367;466;2011;0.005411883412868969
1368;466;2053;-0.008735571891370645
1369;466;2054;0.003323688478501676
1370;467;2012;0.011988561776036868
1371;467;2054;-0.005426686555898203
1372;467;2055;-0.006561875220138664
1373;468;2013;5.7607374466645056e-05
1374;468;2055;0.00014361208841458104
1375;468;2056;-0.00020121946288122612
1376;469;2014;0.008466247781614625
1377;469;2056;-0.012026146381533969
1378;469;2057;0.0035598985999193465
1379;470;2015;0.009389182609502937
1380;470;2057;-0.0034614619618593308
1381;470;2058;-0.005927720647643606
1382;471;2016;-0.00079212049675915
1383;471;2058;-0.0021761080168385826
1384;471;2059;0.002968228513597732
1385;472;2017;0.008783899571202318
1386;472;2059;-0.01364841145966468
1387;472;2060;0.004864511888462363
1388;473;2018;0.008669541967808825
1389;473;2060;-0.00375286402385576
1390;473;2061;-0.0049166779439530645
1391;474;2019;-0.0017909956416128836
1392;474;2061;-0.0028693168096210904
1393;474;2062;0.004660312451233975
1394;475;2020;0.007651889550599581
1395;475;2062;-0.015117325300214778
1396;475;2063;0.007465435749615196
1397;476;2021;0.009119559348571924
1398;476;2063;-0.005329170114384149
1399;476;2064;-0.0037903892341877746
1400;477;2022;-0.0029705266990048785
1401;477;2064;-0.0023086432165720346
1402;477;2065;0.005279169915576914
1403;478;2023;0.0052791699155770025
1404;478;2065;-0.016278374820773833
1405;478;2066;0.010999204905196827
1406;479;2024;0.010090938402969199
1407;479;2066;-0.007958350904736235
1408;479;2067;-0.0021325874982329653
1409;480;2025;-0.0038539411186905284
1410;480;2067;-0.001084708741935393
1411;480;2068;0.004938649860625921
1412;481;2026;0.0017402261636809582
1413;481;2068;-0.016667016983306866
1414;481;2069;0.014926790819625904
1415;482;2027;0.010956744316292035
1416;482;2069;-0.011434397206560365
1417;482;2070;0.0004776528902683158
1418;483;2028;-0.004070080834568078
1419;483;2070;0.00017590433469494732
1420;483;2071;0.003894176499873122
1421;484;2029;-0.002664541515629368
1422;484;2071;-0.01600915757915632
1423;484;2072;0.018673699094785688
1424;485;2030;0.011196750157419312
1425;485;2072;-0.015349524412366953
1426;485;2073;0.004152774254947641
1427;486;2031;-0.003568554288622302
1428;486;2073;0.0009918281479963128
1429;486;2074;0.002576726140625984
1430;487;2032;-0.00745228097441712
1431;487;2074;-0.014383739909755257
1432;487;2075;0.02183602088417238
1433;488;2033;0.010572315871435919
1434;488;2075;-0.01920419181770791
1435;488;2076;0.008631875946271992
1436;489;2034;-0.002597352172926461
1437;489;2076;0.0011939043999627346
1438;489;2077;0.0014034477729637275
1439;490;2035;-0.01217296422663581
1440;490;2077;-0.012131573192147721
1441;490;2078;0.024304537418783526
1442;491;2036;0.009171014805333656
1443;491;2078;-0.022614063364722565
1444;491;2079;0.01344304855938891
1445;492;2037;-0.001521116782281453
1446;492;2079;0.0009211848979798001
1447;492;2080;0.0005999318843016527
1448;493;2038;-0.016574013200191733
1449;493;2080;-0.009644856001054539
1450;493;2081;0.02621886920124626
1451;494;2039;0.007282124515092068
1452;494;2081;-0.02542398556900463
1453;494;2082;0.018141861053912564
1454;495;2040;-0.0006323920245497579
1455;495;2082;0.00045801363664805335
1456;495;2083;0.00017437838790170464
1457;496;2041;-0.020607468264092953
1458;496;2083;-0.007212233463939544
1459;496;2084;0.0278197017280325
1460;497;2042;0.005224416723974633
1461;497;2084;-0.027681741908046977
1462;497;2085;0.02245732518407234
1463;498;2043;-6.675479964432298e-05
1464;498;2085;5.4761566357563115e-05
1465;498;2086;1.1993233286759873e-05
1466;499;2044;-0.024332558942686246
1467;499;2086;-0.00498702910404672
1468;499;2087;0.029319588046732997
1469;500;2045;0.003240226891352442
1470;500;2087;-0.029538793910239336
1471;500;2088;0.026298567018886894
1472;501;2046;0.00017599402654002724
1473;501;2088;-0.00015784329188992725
1474;501;2089;-1.8150734650099984e-05
1475;502;2047;-0.027819059098144847
1476;502;2089;-0.003030886313844164
1477;502;2090;0.030849945411989016
1478;503;2048;0.0014747069632585793
1479;503;2090;-0.03116003081680801
1480;503;2091;0.029685323853549432
1481;504;2049;0.00016796859977979045
1482;504;2091;-0.00016059608429985962
1483;504;2092;-7.372515479930813e-06
1484;505;2050;-0.03110161534314069
1485;505;2092;-0.0013651190809994271
1486;505;2093;0.03246673442414011
1487;506;2093;-0.03267688861429574
1488;506;2094;0.03267688861429574
1489;507;2051;0.010629372856576698
1490;507;2095;-0.010629372856576698
1491;508;2052;0.0017175097356791759
1492;508;2095;-0.0044881499376475485
1493;508;2096;0.0027706402019683734
1494;509;2053;0.014866054977337062
1495;509;2096;-0.009193241575170211
1496;509;2097;-0.005672813402166851
1497;510;2054;0.0021029980773965493
1498;510;2097;0.0021091752673020447
1499;510;2098;-0.004212173344698594
1500;511;2055;0.006418263131724083
1501;511;2098;-0.010631429114143914
1502;511;2099;0.0042131659824198335
1503;512;2056;0.012227365844415194
1504;512;2099;-0.005728553453465237
1505;512;2100;-0.006498812390949958
1506;513;2057;-9.843663806001572e-05
1507;513;2100;-0.00017674483203081236
1508;513;2101;0.000275181470090828
1509;514;2058;0.008103828664482185
1510;514;2101;-0.013228923313699095
1511;514;2102;0.005125094649216914
1512;515;2059;0.010680182946066933
1513;515;2102;-0.004951918041154359
1514;515;2103;-0.005728264904912569
1515;516;2060;-0.0011116478646066034
1516;516;2103;-0.001672840281071974
1517;516;2104;0.0027844881456785776
1518;517;2061;0.007785994753574155
1519;517;2104;-0.014886181482654878
1520;517;2105;0.007100186729080722
1521;518;2062;0.0104570128489808
1522;518;2105;-0.005871198625074997
1523;518;2106;-0.0045858142239058024
1524;519;2063;-0.0021362656352310466
1525;519;2106;-0.00189707222711282
1526;519;2107;0.004033337862343868
1527;520;2064;0.006099032450759809
1528;520;2107;-0.01618997085372896
1529;520;2108;0.010090938402969159
1530;521;2065;0.01099920490519692
1531;521;2108;-0.007958350904736261
1532;521;2109;-0.0030408540004606584
1533;522;2066;-0.003040854000460593
1534;522;2109;-0.0012441696324604812
1535;522;2110;0.004285023632921074
1536;523;2067;0.0032172962401683567
1537;523;2110;-0.016918619740830206
1538;523;2111;0.013701323500661841
1539;524;2068;0.011728367122680942
1540;524;2111;-0.010970184316386168
1541;524;2112;-0.0007581828062947736
1542;525;2069;-0.003492393613065539
1543;525;2112;-0.00025208731705785655
1544;525;2113;0.0037444809301233955
1545;526;2070;-0.0006535572249632631
1546;526;2113;-0.016774628951860732
1547;526;2114;0.017428186176823998
1548;527;2071;0.012114981079283185
1549;527;2114;-0.014593256662219056
1550;527;2115;0.0024782755829358713
1551;528;2072;-0.003324174682418736
1552;528;2115;0.0005829735063636376
1553;528;2116;0.0027412011760550993
1554;529;2073;-0.005144602402943954
1555;529;2116;-0.01568070153719881
1556;529;2117;0.020825303940142766
1557;530;2074;0.011807013769129274
1558;530;2117;-0.018397032179963517
1559;530;2118;0.006590018410834238
1560;531;2075;-0.0026318290664644655
1561;531;2118;0.0009676149231457305
1562;531;2119;0.001664214143318734
1563;532;2076;-0.009825780346234735
1564;532;2119;-0.013823226550542096
1565;532;2120;0.023649006896776827
1566;533;2077;0.010728125419183995
1567;533;2120;-0.021965596206987292
1568;533;2121;0.011237470787803294
1569;534;2078;-0.0016904740540609653
1570;534;2121;0.0008838590359923925
1571;534;2122;0.0008066150180685726
1572;535;2079;-0.014364233457368706
1573;535;2122;-0.011529781750860463
1574;535;2123;0.02589401520822917
1575;536;2080;0.009044924116752888
1576;536;2123;-0.025036103432815846
1577;536;2124;0.01599117931606296
1578;537;2081;-0.0007948836322416311
1579;537;2124;0.0005169647259584678
1580;537;2125;0.00027791890628316325
1581;538;2082;-0.018599874690560597
1582;538;2125;-0.009113524237294168
1583;538;2126;0.027713398927854793
1584;539;2083;0.00703785507603784
1585;539;2126;-0.02754265770965242
1586;539;2127;0.02050480263361458
1587;540;2084;-0.00013795981998551698
1588;540;2127;0.0001042041943277028
1589;540;2128;3.375562565781422e-05
1590;541;2085;-0.022512086750429917
1591;541;2128;-0.0067896077384012495
1592;541;2129;0.029301694488831152
1593;542;2086;0.00497503587075996
1594;542;2129;-0.029567375656517837
1595;542;2130;0.024592339785757873
1596;543;2087;0.00021920586350633923
1597;543;2130;-0.00018430615541071074
1598;543;2131;-3.4899708095628504e-05
1599;544;2088;-0.026140723726996967
1600;544;2131;-0.004674637178043985
1601;544;2132;0.030815360905040952
1602;545;2089;0.0030490370484942643
1603;545;2132;-0.03125678278649252
1604;545;2133;0.02820774573799826
1605;546;2090;0.0003100854048190008
1606;546;2133;-0.00028183975379258747
1607;546;2134;-2.8245651026413237e-05
1608;547;2091;-0.02952472776924958
1609;547;2134;-0.002823008937347327
1610;547;2135;0.032347736706596915
1611;548;2092;0.001372491596479358
1612;548;2135;-0.03275570494921693
1613;548;2136;0.03138321335273757
1614;549;2093;0.0002101541901556227
1615;549;2136;-0.00020204946155047537
1616;549;2137;-8.104728605147335e-06
1617;550;2094;-0.03267688861429574
1618;550;2137;-0.0012602047748054481
1619;551;2095;0.015117522794224247
1620;551;2138;-0.011980984886837175
1621;551;2139;-0.0031365379073870704
1622;552;2096;0.006422601373201839
1623;552;2139;0.0021585797671731088
1624;552;2140;-0.00858118114037495
1625;553;2097;0.0035636381348648064
1626;553;2140;-0.007716135997801415
1627;553;2141;0.004152497862936609
1628;554;2098;0.014843602458842503
1629;554;2141;-0.008660870979522436
1630;554;2142;-0.006182731479320068
1631;555;2099;0.0015153874710454036
1632;555;2142;0.0015927508360681292
1633;555;2143;-0.0031081383071135324
1634;556;2100;0.006675557222980771
1635;556;2143;-0.01206910697696253
1636;556;2144;0.005393549753981758
1637;557;2101;0.012953741843608264
1638;557;2144;-0.0067221769688341985
1639;557;2145;-0.006231564874774067
1640;558;2102;-0.00017317660806255466
1641;558;2145;-0.00021503726150031943
1642;558;2146;0.00038821386956287417
1643;559;2103;0.007401105185984536
1644;559;2146;-0.014342628480730545
1645;559;2147;0.006941523294746024
1646;560;2104;0.012101693336976301
1647;560;2147;-0.006818886419594814
1648;560;2148;-0.005282806917381487
1649;561;2105;-0.0012289881040057258
1650;561;2148;-0.0011248116669696504
1651;561;2149;0.0023537997709753757
1652;562;2106;0.006482886451018622
1653;562;2149;-0.015896465358889954
1654;562;2150;0.009413578907871333
1655;563;2107;0.0121566329913851
1656;563;2150;-0.008302691872694458
1657;563;2151;-0.0038539411186906463
1658;564;2108;-0.0021325874982328977
1659;564;2151;-0.0010847087419353846
1660;564;2152;0.003217296240168282
1661;565;2109;0.004285023632921138
1662;565;2152;-0.01691861974083029
1663;565;2153;0.012633596107909153
1664;566;2110;0.012633596107909154
1665;566;2153;-0.010815015120626716
1666;566;2154;-0.0018185809872824387
1667;567;2111;-0.0027311391842756725
1668;567;2154;-0.00048545826558365167
1669;567;2155;0.003216597449859324
1670;568;2112;0.0010102701233526302
1671;568;2155;-0.01721592582749433
1672;568;2156;0.016205655704141696
1673;569;2113;0.01303014802173734
1674;569;2156;-0.014071416579252032
1675;569;2157;0.0010412685575146672
1676;570;2114;-0.002834929514604942
1677;570;2157;0.00021805015638645865
1678;570;2158;0.0026168793582184834
1679;571;2115;-0.0030612490892995086
1680;571;2158;-0.016639594089205165
1681;571;2159;0.019700843178504672
1682;572;2116;0.012939500361143715
1683;572;2159;-0.017709714543454887
1684;572;2160;0.004770214182311102
1685;573;2117;-0.002428271760179247
1686;573;2160;0.0006740495165393995
1687;573;2161;0.001754222243639848
1688;574;2118;-0.007557633333979969
1689;574;2161;-0.015241730642770368
1690;574;2162;0.022799363976750336
1691;575;2119;0.012159012407223307
1692;575;2162;-0.021326940866098203
1693;575;2163;0.009167928458874893
1694;576;2120;-0.001683410689789516
1695;576;2163;0.0007419241580699463
1696;576;2164;0.0009414865317195582
1697;577;2121;-0.012121329823795688
1698;577;2164;-0.013251002001657183
1699;577;2165;0.02537233182545287
1700;578;2122;0.01072316673279189
1701;578;2165;-0.024595172635874775
1702;578;2166;0.013872005903082883
1703;579;2123;-0.00085791177541333
1704;579;2166;0.000494174717621992
1705;579;2167;0.0003637370577913387
1706;580;2124;-0.016508144042021427
1707;580;2167;-0.01095795251713431
1708;580;2168;0.027466096559155738
1709;581;2125;0.008835605331011003
1710;581;2168;-0.027344993238345418
1711;581;2169;0.01850938790733441
1712;582;2126;-0.00017074121820237487
1713;582;2169;0.00011762257529177467
1714;582;2170;5.311864291060018e-05
1715;583;2127;-0.020609006827942276
1716;583;2170;-0.008612235756485433
1717;583;2171;0.029221242584427713
1718;584;2128;0.006755852112743436
1719;584;2171;-0.029570644405896247
1720;584;2172;0.02281479229315281
1721;585;2129;0.0002656811676866547
1722;585;2172;-0.00020789742234726466
1723;585;2173;-5.7783745339390046e-05
1724;586;2130;-0.02440803363034716
1725;586;2173;-0.006382497272768267
1726;586;2174;0.030790530903115426
1727;587;2131;0.004709536886139613
1728;587;2174;-0.0313747758941523
1729;587;2175;0.026665239008012685
1730;588;2132;0.00044142188145156603
1731;588;2175;-0.0003791419031648933
1732;588;2176;-6.227997828667269e-05
1733;589;2133;-0.027925905984205603
1734;589;2176;-0.0043659399796262734
1735;589;2177;0.03229184596383188
1736;590;2134;0.00285125458837374
1737;590;2177;-0.03289820931125238
1738;590;2178;0.03004695472287864
1739;591;2135;0.00040796824262001564
1740;591;2178;-0.00037519684403495364
1741;591;2179;-3.277139858506204e-05
1742;592;2136;-0.031181163891187087
1743;592;2179;-0.002614270255306392
1744;592;2180;0.03379543414649348
1745;593;2137;0.0012683095034105951
1746;593;2180;-0.03426968995768882
1747;594;2138;0.011980984886837177
1748;594;2181;-0.011980984886837175
1749;595;2139;0.0009779581402139617
1750;595;2181;-0.003735616161458768
1751;595;2182;0.0027576580212448068
1752;596;2140;0.016297317138176365
1753;596;2182;-0.011559985552372122
1754;596;2183;-0.004737331585804243
1755;597;2141;0.0045083731165858265
1756;597;2183;0.0024351626522757237
1757;597;2184;-0.0069435357688615515
1758;598;2142;0.004589980643251935
1759;598;2184;-0.00990268269587385
1760;598;2185;0.005312702052621913
1761;599;2143;0.01517724528407606
1762;599;2185;-0.00900212553969294
1763;599;2186;-0.006175119744383123
1764;600;2144;0.0013286272148524412
1765;600;2186;0.0012096396730524703
1766;600;2187;-0.0025382668879049114
1767;601;2145;0.006446602136274386
1768;601;2187;-0.013285497713454046
1769;601;2188;0.006838895577179663
1770;602;2146;0.013954414611167667
1771;602;2188;-0.00819991594884852
1772;602;2189;-0.005754498662319146
1773;603;2147;-0.00012263687515121736
1774;603;2189;-0.00010449389323041553
1775;603;2190;0.00022713076838163298
1776;604;2148;0.006407618584351137
1777;604;2190;-0.015317936513833934
1778;604;2191;0.008910317929482799
1779;605;2149;0.013542665587914579
1780;605;2191;-0.008999347017220568
1781;605;2192;-0.004543318570694011
1782;606;2150;-0.0011108870351768752
1783;606;2192;-0.0006293391285039673
1784;606;2193;0.0017402261636808424
1785;607;2151;0.004938649860626031
1786;607;2193;-0.016667016983306946
1787;607;2194;0.011728367122680914
1788;608;2152;0.013701323500662005
1789;608;2194;-0.010970184316386198
1790;608;2195;-0.002731139184275796
1791;609;2153;-0.001818580987282437
1792;609;2195;-0.00048545826558367
1793;609;2196;0.0023040392528661073
1794;610;2154;0.0023040392528661043
1795;610;2196;-0.01735967481559382
1796;610;2197;0.015055635562727706
1797;611;2155;0.013999328377635005
1798;611;2197;-0.013806118839694778
1799;611;2198;-0.00019320953794026125
1800;612;2156;-0.0021342391248896668
1801;612;2198;-3.129163193511038e-05
1802;612;2199;0.002165530756824777
1803;613;2157;-0.0012593187139011257
1804;613;2199;-0.017267600894300426
1805;613;2200;0.018526919608201558
1806;614;2158;0.01402271473098668
1807;614;2200;-0.01718986080295997
1808;614;2201;0.00316714607197329
1809;615;2159;-0.001991128635049786
1810;615;2201;0.0003798334662377578
1811;615;2202;0.0016112951688120286
1812;616;2160;-0.005444263698850501
1813;616;2202;-0.016356433832432078
1814;616;2203;0.02180069753128258
1815;617;2161;0.013487508399130514
1816;617;2203;-0.02075248711857278
1817;617;2204;0.007264978719442263
1818;618;2162;-0.0014724231106521346
1819;618;2204;0.0005302086323502307
1820;618;2205;0.0009422144783019042
1821;619;2163;-0.00990985261694484
1822;619;2205;-0.014751687126722805
1823;619;2206;0.024661539743667645
1824;620;2164;0.012309515469937627
1825;620;2206;-0.02414011596706485
1826;620;2207;0.011830600497127261
1827;621;2165;-0.0007771591895780982
1828;621;2207;0.00039008940456260514
1829;621;2208;0.0003870697850154928
1830;622;2166;-0.014366180620704879
1831;622;2208;-0.012686190166829165
1832;622;2209;0.027052370787533985
1833;623;2167;0.01059421545934297
1834;623;2209;-0.027103525364245658
1835;623;2210;0.016509309904902687
1836;624;2168;-0.00012110332081032311
1837;624;2210;7.529196692306148e-05
1838;624;2211;4.5811353887261616e-05
1839;625;2169;-0.018627010482626192
1840;625;2211;-0.010409886557908508
1841;625;2212;0.0290368970405347
1842;626;2170;0.008559117113574832
1843;626;2212;-0.029544709718610715
1844;626;2213;0.02098559260503588
1845;627;2171;0.00034940182146853235
1846;627;2213;-0.00025248446616610775
1847;627;2214;-9.691735530242463e-05
1848;628;2172;-0.022606894870805534
1849;628;2214;-0.008127586009454745
1850;628;2215;0.030734480880260352
1851;629;2173;0.006440281018107657
1852;629;2215;-0.031501642762465185
1853;629;2216;0.025061361744357524
1854;630;2174;0.0005842449910368659
1855;630;2216;-0.0004712683845130699
1856;630;2217;-0.00011297660652379607
1857;631;2175;-0.026286097104847795
1858;631;2217;-0.005980738137817859
1859;631;2218;0.032266835242665645
1860;632;2176;0.004428219957912946
1861;632;2218;-0.033091220223319916
1862;632;2219;0.028663000265406968
1863;633;2177;0.0006063633474204851
1864;633;2219;-0.0005306525962258665
1865;633;2220;-7.571075119461867e-05
1866;634;2178;-0.029671757878843696
1867;634;2220;-0.004056389844824127
1868;634;2221;0.03372814772366782
1869;635;2179;0.002647041653891454
1870;635;2221;-0.034448807344626645
1871;635;2222;0.0318017656907352
1872;636;2180;0.00047425581119535257
1873;636;2222;-0.00044075329822969246
1874;637;2181;0.015716601048295944
1875;637;2223;-0.013324540193015027
1876;637;2224;-0.0023920608552809126
1877;638;2182;0.008802327531127318
1878;638;2224;0.001814817494007357
1879;638;2225;-0.010617145025134677
1880;639;2183;0.0023021689335285186
1881;639;2225;-0.006775961374256556
1882;639;2226;0.004473792440728038
1883;640;2184;0.0168462184647354
1884;640;2226;-0.011481228703166516
1885;640;2227;-0.0053649897615688814
1886;641;2185;0.0036894234870710274
1887;641;2227;0.00219009210864028
1888;641;2228;-0.005879515595711307
1889;642;2186;0.004965480071330656
1890;642;2228;-0.011535700267922305
1891;642;2229;0.0065702201965916526
1892;643;2187;0.01582376460135896
1893;643;2229;-0.00997808577726442
1894;643;2230;-0.005845678824094542
1895;644;2188;0.0013610203716688577
1896;644;2230;0.000976745949771176
1897;644;2231;-0.0023377663214400337
1898;645;2189;0.005858992555549577
1899;645;2231;-0.014340401987031428
1900;645;2232;0.008481409431481853
1901;646;2190;0.015090805745452303
1902;646;2232;-0.010050147870181578
1903;646;2233;-0.0050406578752707236
1904;647;2191;8.9029087737766e-05
1905;647;2233;5.112269979930183e-05
1906;647;2234;-0.00014015178753706774
1907;648;2192;0.005172657699197978
1908;648;2234;-0.016129402015490006
1909;648;2235;0.010956744316292026
1910;649;2193;0.014926790819626098
1911;649;2235;-0.011434397206560434
1912;649;2236;-0.0034923936130656615
1913;650;2194;-0.0007581828062947167
1914;650;2236;-0.00025208731705784505
1915;650;2237;0.0010102701233525619
1916;651;2195;0.0032165974498594664
1917;651;2237;-0.017215925827494483
1918;651;2238;0.013999328377635015
1919;652;2196;0.015055635562727852
1920;652;2238;-0.013806118839694818
1921;652;2239;-0.0012495167230330343
1922;653;2197;-0.001249516723032927
1923;653;2239;-0.00011957146331304845
1924;653;2240;0.0013690881863459756
1925;654;2198;0.00022450116987537163
1926;654;2240;-0.017577253007297577
1927;654;2241;0.017352751837422208
1928;655;2199;0.015102070137475651
1929;655;2241;-0.016867475472657992
1930;655;2242;0.0017654053351823435
1931;656;2200;-0.001337058805241587
1932;656;2242;0.00014567574421708705
1933;656;2243;0.0011913830610245002
1934;657;2201;-0.003546979538211048
1935;657;2243;-0.017153939015843073
1936;657;2244;0.02070091855405412
1937;658;2202;0.014745138663620051
1938;658;2244;-0.020286069842883135
1939;658;2245;0.0055409311792630755
1940;659;2203;-0.0010482104127098033
1941;659;2245;0.00029552933483928287
1942;659;2246;0.0007526810778705204
1943;660;2204;-0.007795187351792493
1944;660;2246;-0.015989132175060913
1945;660;2247;0.02378431952685341
1946;661;2205;0.0138094726484209
1947;661;2247;-0.023710367646532608
1948;661;2248;0.009900894998111708
1949;662;2206;-0.0005214237766027806
1950;662;2248;0.00022361951220515946
1951;662;2249;0.00029780426439762113
1952;663;2207;-0.012220689901689867
1953;663;2249;-0.01424191431483546
1954;663;2250;0.026462604216525326
1955;664;2208;0.012299120381813682
1956;664;2250;-0.02684020278666486
1957;664;2251;0.014541082404851177
1958;665;2209;5.1154576711646556e-05
1959;665;2251;-2.8361752609769016e-05
1960;665;2252;-2.2792824101877886e-05
1961;666;2210;-0.016584601871825748
1962;666;2252;-0.012131529464190511
1963;666;2253;0.02871613133601626
1964;667;2211;0.010364075204021246
1965;667;2253;-0.029493543375220442
1966;667;2254;0.019129468171199197
1967;668;2212;0.0005078126780760115
1968;668;2254;-0.00033602506355723163
1969;668;2255;-0.00017178761451877973
1970;669;2213;-0.020733108138869773
1971;669;2255;-0.009874411284724934
1972;669;2256;0.030607519423594687
1973;670;2214;0.00822450336475717
1974;670;2256;-0.03163053318783816
1975;670;2257;0.023406029823080984
1976;671;2215;0.0007671618822048332
1977;671;2257;-0.0005773521393957121
1978;671;2258;-0.00018980974280912068
1979;672;2216;-0.024590093359844453
1980;672;2258;-0.007647512564445468
1981;672;2259;0.032237605924289925
1982;673;2217;0.006093714744341654
1983;673;2259;-0.03332456621369907
1984;673;2260;0.027230851469357425
1985;674;2218;0.0008243849806542805
1986;674;2260;-0.0006828221296590545
1987;674;2261;-0.00014156285099522597
1988;675;2219;-0.028132347669181094
1989;675;2261;-0.005577201554718491
1990;675;2262;0.033709549223899585
1991;676;2220;0.004132100596018746
1992;676;2262;-0.034703285495728875
1993;676;2263;0.030571184899710124
1994;677;2221;0.0007206596209588198
1995;677;2263;-0.000641237290323303
1996;677;2264;-7.942233063551712e-05
1997;678;2222;-0.031361012392505494
1998;678;2264;-0.003743910599093206
1999;679;2223;0.013324540193015029
2000;679;2265;-0.01332454019301503
2001;680;2224;0.0005772433612735565
2002;680;2265;-0.003215429219311212
2003;680;2266;0.0026381858580376547
2004;681;2225;0.017393106399391234
2005;681;2266;-0.01358778924641354
2006;681;2267;-0.003805317152977692
2007;682;2226;0.0070074362624384795
2008;682;2267;0.0023220306694425067
2009;682;2268;-0.009329466931880987
2010;683;2227;0.003174897652928602
2011;683;2268;-0.009045797759098603
2012;683;2269;0.005870900106170001
2013;684;2228;0.017415215863633614
2014;684;2269;-0.011995674056240857
2015;684;2270;-0.0054195418073927585
2016;685;2229;0.003407865580672767
2017;685;2270;0.0018620022586314593
2018;685;2271;-0.005269867839304226
2019;686;2230;0.00486893287432337
2020;686;2271;-0.012851781623432581
2021;686;2272;0.007982848749109216
2022;687;2231;0.016678168308471526
2023;687;2272;-0.011424915248318318
2024;687;2273;-0.0052532530601532125
2025;688;2232;0.001568738438699725
2026;688;2273;0.0008354564280008584
2027;688;2274;-0.002404194866700582
2028;689;2233;0.004989535175471422
2029;689;2274;-0.015246299476389242
2030;689;2275;0.01025676430091782
2031;690;2234;0.016269553803027068
2032;690;2275;-0.012199472968458856
2033;690;2276;-0.004070080834568211
2034;691;2235;0.0004776528902684056
2035;691;2276;0.00017590433469498484
2036;691;2277;-0.0006535572249633905
2037;692;2236;0.003744480930123506
2038;692;2277;-0.016774628951860854
2039;692;2278;0.013030148021737352
2040;693;2237;0.016205655704141925
2041;693;2278;-0.014071416579252139
2042;693;2279;-0.0021342391248897847
2043;694;2238;-0.00019320953794019728
2044;694;2279;-3.1291631935101574e-05
2045;694;2280;0.00022450116987529888
2046;695;2239;0.001369088186346083
2047;695;2280;-0.017577253007297622
2048;695;2281;0.01620816482095154
2049;696;2240;0.0162081648209516
2050;696;2281;-0.01675839362073609
2051;696;2282;0.0005502287997844928
2052;697;2241;-0.00048527636476421165
2053;697;2282;1.668711510272001e-05
2054;697;2283;0.0004685892496614916
2055;698;2242;-0.0019110810793994304
2056;698;2283;-0.01763144661689201
2057;698;2284;0.019542527696291445
2058;699;2243;0.015962555954818575
2059;699;2284;-0.01995905065495579
2060;699;2285;0.0039964947001372274
2061;700;2244;-0.00041484871117098495
2062;700;2285;8.606781922965934e-05
2063;700;2286;0.0003287808919413256
2064;701;2245;-0.005836460514102358
2065;701;2286;-0.01693485709279502
2066;701;2287;0.022771317606897382
2067;702;2246;0.015236451097190396
2068;702;2287;-0.023340600716008013
2069;702;2288;0.008104149618817617
2070;703;2247;-7.395188032080262e-05
2071;703;2288;2.644277387726214e-05
2072;703;2289;4.7509106443540473e-05
2073;704;2248;-0.010124514510316866
2074;704;2289;-0.015576349446973694
2075;704;2290;0.025700863957290557
2076;705;2249;0.013944110050437804
2077;705;2290;-0.026579273176283055
2078;705;2291;0.01263516312584527
2079;706;2250;0.00037759857013953485
2080;706;2291;-0.00018414340938929598
2081;706;2292;-0.00019345516075023887
2082;707;2251;-0.01451272065224141
2083;707;2292;-0.013724226334667917
2084;707;2293;0.028236946986909327
2085;708;2252;0.012154322288292378
2086;708;2293;-0.029426226685756215
2087;708;2294;0.017271904397463667
2088;709;2253;0.0007774120392041847
2089;709;2294;-0.00046671350255951424
2090;709;2295;-0.0003106985366446705
2091;710;2254;-0.018793443107641958
2092;710;2295;-0.011580261203430007
2093;710;2296;0.030373704311071992
2094;711;2255;0.010046198899243713
2095;711;2296;-0.03175945215702612
2096;711;2297;0.02171325325778241
2097;712;2256;0.00102301376424347
2098;712;2297;-0.0007133253878015096
2099;712;2298;-0.0003096883764419605
2100;713;2257;-0.022828677683685294
2101;713;2298;-0.009339055220434078
2102;713;2299;0.032167732904119395
2103;714;2258;0.007837322307254589
2104;714;2299;-0.033591522155855924
2105;714;2300;0.025754199848601337
2106;715;2259;0.001086960289409149
2107;715;2300;-0.0008473277877883689
2108;715;2301;-0.00023963250162078016
2109;716;2260;-0.026548029339698367
2110;716;2301;-0.00716254916485336
2111;716;2302;0.03371057850455173
2112;717;2261;0.005718764405713717
2113;717;2302;-0.03502631178675633
2114;717;2303;0.02930754738104261
2115;718;2262;0.0009937362718292868
2116;718;2303;-0.0008425812822856298
2117;718;2304;-0.00015115498954365673
2118;719;2263;-0.029929947609386824
2119;719;2304;-0.0051679181125892475
2120;719;2305;0.035097865721976075
2121;720;2264;0.0038233329297287233
2122;720;2305;-0.03619870315068231
2123;721;2265;0.01653996941232624
2124;721;2306;-0.01471973976936559
2125;721;2307;-0.0018202296429606528
2126;722;2266;0.010949603388375886
2127;722;2307;0.001468667333447605
2128;722;2308;-0.012418270721823488
2129;723;2267;0.0014832864835351853
2130;723;2308;-0.0060068352034303085
2131;723;2309;0.004523548719895123
2132;724;2268;0.01837526469097959
2133;724;2309;-0.013947583129632
2134;724;2310;-0.004427681561347586
2135;725;2269;0.006124773950070855
2136;725;2310;0.002273919168829092
2137;725;2311;-0.008398693118899948
2138;726;2270;0.0035575395487612987
2139;726;2311;-0.01079775504086871
2140;726;2312;0.0072402154921074125
2141;727;2271;0.018121649462736804
2142;727;2312;-0.013031066483674714
2143;727;2313;-0.0050905829790620916
2144;728;2272;0.0034420664992091017
2145;728;2313;0.001556662591173592
2146;728;2314;-0.004998729090382693
2147;729;2273;0.004417796632152341
2148;729;2314;-0.013953100705929793
2149;729;2315;0.009535304073777454
2150;730;2274;0.017650494343089823
2151;730;2315;-0.013238532311627051
2152;730;2316;-0.004411962031462772
2153;731;2275;0.0019427086675410344
2154;731;2316;0.0007218328480884948
2155;731;2317;-0.00266454151562953
2156;732;2276;0.0038941764998732258
2157;732;2317;-0.016009157579156448
2158;732;2318;0.012114981079283223
2159;733;2277;0.017428186176824255
2160;733;2318;-0.014593256662219195
2161;733;2319;-0.0028349295146050564
2162;734;2278;0.0010412685575147866
2163;734;2319;0.00021805015638649063
2164;734;2320;-0.0012593187139012772
2165;735;2279;0.0021655307568248863
2166;735;2320;-0.017267600894300572
2167;735;2321;0.015102070137475688
2168;736;2280;0.017352751837422374
2169;736;2321;-0.016867475472658065
2170;736;2322;-0.000485276364764314
2171;737;2281;0.0005502287997845542
2172;737;2322;1.6687115102725336e-05
2173;737;2323;-0.0005669159148872795
2174;738;2282;-0.0005669159148872151
2175;738;2323;-0.0177902908518981
2176;738;2324;0.01835720676678529
2177;739;2283;0.017162857367230538
2178;739;2324;-0.019790942848451572
2179;739;2325;0.00262808548122104
2180;740;2284;0.0004165229586643453
2181;740;2325;-5.754347020020329e-05
2182;740;2326;-0.000358979488464142
2183;741;2285;-0.004082562519366886
2184;741;2326;-0.017572120505105725
2185;741;2327;0.02165468302447261
2186;742;2286;0.016606076200853685
2187;742;2327;-0.02305792610575038
2188;742;2328;0.006451849904896695
2189;743;2287;0.0005692831091106325
2190;743;2328;-0.0001644897735411996
2191;743;2329;-0.0004047933355694329
2192;744;2288;-0.008130592392694879
2193;744;2329;-0.0166506742207429
2194;744;2330;0.024781266613437773
2195;745;2289;0.015528840340530186
2196;745;2330;-0.026343318614637283
2197;745;2331;0.010814478274107166
2198;746;2290;0.000878409218992499
2199;746;2331;-0.00037075019814799035
2200;746;2332;-0.0005076590208445086
2201;747;2291;-0.012451019716455975
2202;747;2332;-0.015137089928641666
2203;747;2333;0.027588109645097638
2204;748;2292;0.013917681495418156
2205;748;2333;-0.029353492142475304
2206;748;2334;0.015435810647057152
2207;749;2293;0.001189279698846892
2208;749;2334;-0.0006410865826165499
2209;749;2335;-0.0005481931162303437
2210;750;2294;-0.016805190894904152
2211;750;2335;-0.013197369405525777
2212;750;2336;0.03000256030042993
2213;751;2295;0.011890959740074692
2214;751;2336;-0.03188914929870566
2215;751;2337;0.019998189558630974
2216;752;2296;0.001385747845954063
2217;752;2337;-0.0008885432638567677
2218;752;2338;-0.000497204582097289
2219;753;2297;-0.020999927869980894
2220;753;2338;-0.011020893804519191
2221;753;2339;0.032020821674500086
2222;754;2298;0.00964874359687604
2223;754;2339;-0.03388817729907388
2224;754;2340;0.02423943370219785
2225;755;2299;0.0014237892517365287
2226;755;2340;-0.0010384364001205756
2227;755;2341;-0.00038535285161595434
2228;756;2300;-0.02490687206081295
2229;756;2341;-0.008792526365593406
2230;756;2342;0.03369939842640622
2231;757;2301;0.0074021816664741405
2232;757;2342;-0.03541346527958533
2233;757;2343;0.02801128361311119
2234;758;2302;0.00131573328220457
2235;758;2343;-0.0010578949462004606
2236;758;2344;-0.0002578383360041103
2237;759;2303;-0.02846496609875699
2238;759;2344;-0.0066666128263431525
2239;759;2345;0.03513157892510024
2240;760;2304;0.005319073102132903
2241;760;2345;-0.03659420161885536
2242;760;2346;0.03127512851672244
2243;761;2305;0.0011008374287062314
2244;761;2346;-0.0009530622033317014
2245;762;2306;0.01471973976936559
2246;762;2347;-0.01471973976936559
2247;763;2307;0.0003515623095130477
2248;763;2347;-0.002842996063030951
2249;763;2348;0.002491433753517904
2250;764;2308;0.01842510592525379
2251;764;2348;-0.015442561524412951
2252;764;2349;-0.002982544400840838
2253;765;2309;0.009424034409736878
2254;765;2349;0.0020257238099713037
2255;765;2350;-0.011449758219708183
2256;766;2310;0.002153762392518496
2257;766;2350;-0.008242896025639272
2258;766;2351;0.006089133633120774
2259;767;2311;0.019196448159768655
2260;767;2351;-0.014694063294979026
2261;767;2352;-0.004502384864789629
2262;768;2312;0.0057908509915673015
2263;768;2352;0.002025564625008195
2264;768;2353;-0.007816415616575496
2265;769;2313;0.0035339203878885003
2266;769;2353;-0.01221052830764643
2267;769;2354;0.008676607919757925
2268;770;2314;0.018951829796312485
2269;770;2354;-0.014490362397963478
2270;770;2355;-0.004461467398349005
2271;771;2315;0.0037032282378494444
2272;771;2355;0.0012756843790706037
2273;771;2356;-0.004978912616920036
2274;772;2316;0.0036901291833742788
2275;772;2356;-0.014886879340793618
2276;772;2357;0.01119675015741934
2277;773;2317;0.01867369909478598
2278;773;2357;-0.015349524412367121
2279;773;2358;-0.0033241746824188593
2280;774;2318;0.002478275582935973
2281;774;2358;0.000582973506363677
2282;774;2359;-0.0030612490892996504
2283;775;2319;0.002616879358218565
2284;775;2359;-0.016639594089205255
2285;775;2360;0.014022714730986667
2286;776;2320;0.01852691960820175
2287;776;2360;-0.017189860802960047
2288;776;2361;-0.0013370588052416866
2289;777;2321;0.001765405335182376
2290;777;2361;0.00014567574421709995
2291;777;2362;-0.001911081079399476
2292;778;2322;0.0004685892496615887
2293;778;2362;-0.017631446616892123
2294;778;2363;0.017162857367230534
2295;779;2323;0.018357206766785365
2296;779;2363;-0.01979094284845162
2297;779;2364;0.0014337360816662238
2298;780;2324;0.0014337360816662815
2299;780;2364;-0.00010851962365214925
2300;780;2365;-0.0013252164580141324
2301;781;2325;-0.0025705420110208378
2302;781;2365;-0.017892429290587354
2303;781;2366;0.020462971301608186
2304;782;2326;0.017931099993569864
2305;782;2366;-0.022881123013338632
2306;782;2367;0.004950023019768768
2307;783;2327;0.0014032430812777692
2308;783;2367;-0.0003143442623109536
2309;783;2368;-0.0010888988189668156
2310;784;2328;-0.006287360131355503
2311;784;2368;-0.01743648504431076
2312;784;2369;0.02372384517566626
2313;785;2329;0.01705546755631232
2314;785;2369;-0.02615085681493274
2315;785;2370;0.009095389258620672
2316;786;2330;0.001562052001199508
2317;786;2370;-0.000559707945336721
2318;786;2371;-0.001002344055862787
2319;787;2331;-0.01044372807595918
2320;787;2371;-0.01632457183425711
2321;787;2372;0.02676829991021642
2322;788;2332;0.015644748949486177
2323;788;2372;-0.029284857586126235
2324;788;2373;0.013640108636640062
2325;789;2333;0.0017653824973776662
2326;789;2373;-0.0008445171920758875
2327;789;2374;-0.0009208653053017789
2328;790;2334;-0.014794724064440603
2329;790;2374;-0.014675553751072604
2330;790;2375;0.029470277815513216
2331;791;2335;0.01374556252175611
2332;791;2375;-0.0320201224058177
2333;791;2376;0.018274559884061577
2334;792;2336;0.0018865889982757368
2335;792;2376;-0.0011032927445980137
2336;792;2377;-0.0007832962536777232
2337;793;2337;-0.019109646294774206
2338;793;2377;-0.012651838913512452
2339;793;2378;0.03176148520828666
2340;794;2338;0.011518098386616455
2341;794;2378;-0.03421152189300289
2342;794;2379;0.022693423506386465
2343;795;2339;0.0018673556245737966
2344;795;2379;-0.0012662825259312522
2345;795;2380;-0.0006010730986425567
2346;796;2340;-0.023200997302077274
2347;796;2380;-0.010440772963471342
2348;796;2381;0.03364177026554855
2349;797;2341;0.009177879217209362
2350;797;2381;-0.035862111048266
2351;797;2382;0.026684231831056636
2352;798;2342;0.001714066853179133
2353;798;2382;-0.001300264347770975
2354;798;2383;-0.00041380250540815793
2355;799;2343;-0.02695338866691073
2356;799;2383;-0.008226481924303204
2357;799;2384;0.03517987059121394
2358;800;2344;0.006924451162347262
2359;800;2384;-0.03708183976755723
2360;800;2385;0.03015738860520997
2361;801;2345;0.0014626226937551102
2362;801;2385;-0.001208782734120258
2363;801;2386;-0.00025383995963485385
2364;802;2346;-0.030322066313390735
2365;802;2386;-0.006157432352051543
2366;803;2347;0.017562735832396544
2367;803;2387;-0.01618350413053498
2368;803;2388;-0.0013792317018615579
2369;804;2348;0.012951127770895045
2370;804;2388;0.0011605919777135662
2371;804;2389;-0.014111719748608614
2372;805;2349;0.0009568205908695342
2373;805;2389;-0.005398029957332777
2374;805;2390;0.004441209366463242
2375;806;2350;0.019692654245347448
2376;806;2390;-0.016171820301806146
2377;806;2391;-0.0035208339435412817
2378;807;2351;0.008604929661858253
2379;807;2391;0.002082633873868231
2380;807;2392;-0.010687563535726485
2381;808;2352;0.002476820239781433
2382;808;2392;-0.01003980235275092
2383;808;2393;0.007562982112969477
2384;809;2353;0.020026943924221927
2385;809;2393;-0.01584717037606624
2386;809;2394;-0.004179773548155677
2387;810;2354;0.005813754478205551
2388;810;2394;0.0017075728473210478
2389;810;2395;-0.007521327325526598
2390;811;2355;0.0031857830192784245
2391;811;2395;-0.013386144809106777
2392;811;2396;0.010200361789828355
2393;812;2356;0.019865791957713652
2394;812;2396;-0.016297237669091243
2395;812;2397;-0.003568554288622412
2396;813;2357;0.004152774254947736
2397;813;2397;0.0009918281479963592
2398;813;2398;-0.0051446024029440955
2399;814;2358;0.002741201176055182
2400;814;2398;-0.01568070153719895
2401;814;2399;0.01293950036114377
2402;815;2359;0.01970084317850485
2403;815;2399;-0.017709714543454963
2404;815;2400;-0.0019911286350498877
2405;816;2360;0.003167146071973378
2406;816;2400;0.00037983346623778665
2407;816;2401;-0.0035469795382111645
2408;817;2361;0.0011913830610245802
2409;817;2401;-0.01715393901584311
2410;817;2402;0.01596255595481853
2411;818;2362;0.019542527696291598
2412;818;2402;-0.019959050654955846
2413;818;2403;0.0004165229586642886
2414;819;2363;0.0026280854812210843
2415;819;2403;-5.7543470200196346e-05
2416;819;2404;-0.002570542011020888
2417;820;2364;-0.0013252164580140745
2418;820;2404;-0.017892429290587382
2419;820;2405;0.019217645748601457
2420;821;2365;0.019217645748601492
2421;821;2405;-0.022821017517229567
2422;821;2406;0.003603371768628079
2423;822;2366;0.0024181517117304414
2424;822;2406;-0.0003964542218661976
2425;822;2407;-0.002021697489864244
2426;823;2367;-0.004635678757457819
2427;823;2407;-0.017914969678401782
2428;823;2408;0.02255064843585962
2429;824;2368;0.0185253838632776
2430;824;2408;-0.026015425190905817
2431;824;2409;0.007490041327628271
2432;825;2369;0.002427011639266475
2433;825;2409;-0.0007212116241567558
2434;825;2410;-0.0017058000151097194
2435;826;2370;-0.008535681313283954
2436;826;2410;-0.017248807648738887
2437;826;2411;0.025784488962022838
2438;827;2371;0.0173269158901199
2439;827;2411;-0.029227135718390036
2440;827;2412;0.011900219828270121
2441;828;2372;0.002516557675909817
2442;828;2412;-0.0010540509764454063
2443;828;2413;-0.0014625066994644101
2444;829;2373;-0.012795591444564176
2445;829;2413;-0.015965283245014825
2446;829;2414;0.028760874689578997
2447;830;2374;0.015596419056374381
2448;830;2414;-0.032149853995539525
2449;830;2415;0.01655343493916514
2450;831;2375;0.0025498445903044866
2451;831;2415;-0.0013476813228087375
2452;831;2416;-0.0012021632674957495
2453;832;2376;-0.017171267139463566
2454;832;2416;-0.01418496107530837
2455;832;2417;0.031356228214771936
2456;833;2377;0.013435135167190174
2457;833;2417;-0.03455637870331647
2458;833;2418;0.021121243536126294
2459;834;2378;0.002450036684716269
2460;834;2418;-0.001534273848290981
2461;834;2419;-0.0009157628364252883
2462;835;2379;-0.021427140980455214
2463;835;2419;-0.012073884887204792
2464;835;2420;0.03350102586766
2465;836;2380;0.011041846062113895
2466;836;2420;-0.03636963058835284
2467;836;2421;0.025327784526238947
2468;837;2381;0.0022203407827174736
2469;837;2421;-0.0015806254193873439
2470;837;2422;-0.0006397153633301298
2471;838;2382;-0.025383967483285665
2472;838;2422;-0.00982896511006295
2473;838;2423;0.035212932593348616
2474;839;2383;0.008640284429711362
2475;839;2423;-0.037662510932385096
2476;839;2424;0.02902222650267373
2477;840;2384;0.0019019691763432927
2478;840;2424;-0.0014939156351581433
2479;840;2425;-0.00040805354118514836
2480;841;2385;-0.02894860587108971
2481;841;2425;-0.007636755227387159
2482;841;2426;0.03658536109847687
2483;842;2386;0.006411272311686397
2484;842;2426;-0.03858443755025118
2485;843;2387;0.01618350413053498
2486;843;2427;-0.01618350413053498
2487;844;2388;0.00021863972414799137
2488;844;2427;-0.002565455009533502
2489;844;2428;0.0023468152853855107
2490;845;2389;0.01950974970594139
2491;845;2428;-0.017222696819925335
2492;845;2429;-0.002287052886016056
2493;846;2390;0.01173061093534291
2494;846;2429;0.0016713953281637913
2495;846;2430;-0.013402006263506704
2496;847;2391;0.0014382000696730505
2497;847;2430;-0.007547130428216878
2498;847;2431;0.006108930358543825
2499;848;2392;0.0207273658884774
2500;848;2431;-0.017156322481356977
2501;848;2432;-0.0035710434071204245
2502;849;2393;0.008284188263096764
2503;849;2432;0.001894667760519505
2504;849;2433;-0.01017885602361627
2505;850;2394;0.002472200700834628
2506;850;2433;-0.01151679696897566
2507;850;2434;0.009044596268141032
2508;851;2395;0.020907472134633377
2509;851;2434;-0.017365677760823248
2510;851;2435;-0.003541794373810132
2511;852;2396;0.006096875879262888
2512;852;2435;0.0013554050951543528
2513;852;2436;-0.007452280974417245
2514;853;2397;0.0025767261406260526
2515;853;2436;-0.014383739909755357
2516;853;2437;0.011807013769129305
2517;854;2398;0.02082530394014305
2518;854;2437;-0.01839703217996369
2519;854;2438;-0.002428271760179358
2520;855;2399;0.004770214182311191
2521;855;2438;0.0006740495165394368
2522;855;2439;-0.005444263698850628
2523;856;2400;0.001611295168812101
2524;856;2439;-0.01635643383243213
2525;856;2440;0.014745138663620032
2526;857;2401;0.020700918554054273
2527;857;2440;-0.020286069842883222
2528;857;2441;-0.00041484871117105477
2529;858;2402;0.003996494700137313
2530;858;2441;8.606781922967547e-05
2531;858;2442;-0.004082562519366988
2532;859;2403;-0.0003589794884640919
2533;859;2442;-0.01757212050510577
2534;859;2443;0.017931099993569878
2535;860;2404;0.020462971301608273
2536;860;2443;-0.02288112301333873
2537;860;2444;0.0024181517117304588
2538;861;2405;0.00360337176862811
2539;861;2444;-0.00039645422186620355
2540;861;2445;-0.0032069175467619067
2541;862;2406;-0.0032069175467618807
2542;862;2445;-0.01807558862485093
2543;862;2446;0.021282506171612814
2544;863;2407;0.019936667168266115
2545;863;2446;-0.0259456411950253
2546;863;2447;0.006008974026759191
2547;864;2408;0.003464776755046196
2548;864;2447;-0.000829621633515272
2549;864;2448;-0.0026351551215309235
2550;865;2409;-0.006768829703471509
2551;865;2448;-0.01788097642705791
2552;865;2449;0.024649806130529417
2553;866;2410;0.018954607663848603
2554;866;2449;-0.02918430285807612
2555;866;2450;0.010229695194227516
2556;867;2411;0.003442646756367198
2557;867;2450;-0.001242913507456728
2558;867;2451;-0.0021997332489104705
2559;868;2412;-0.010846168851824711
2560;868;2451;-0.017021004627922415
2561;868;2452;0.027867173479747126
2562;869;2413;0.017427789944479233
2563;869;2452;-0.03227175824737459
2564;869;2453;0.01484396830289536
2565;870;2414;0.0033889793059605285
2566;870;2453;-0.0016023270207725503
2567;870;2454;-0.0017866522851879784
2568;871;2415;-0.015205753616356399
2569;871;2454;-0.015569330944894082
2570;871;2455;0.030775084561250478
2571;872;2416;0.01538712434280412
2572;872;2455;-0.03491182282101739
2573;872;2456;0.019524698478213275
2574;873;2417;0.003200150488544536
2575;873;2456;-0.0018369680631360184
2576;873;2457;-0.0013631824254085178
2577;874;2418;-0.019586969687835312
2578;874;2457;-0.013650846040317119
2579;874;2458;0.03323781572815243
2580;875;2419;0.012989647723630076
2581;875;2458;-0.036930268515975084
2582;875;2459;0.02394062079234504
2583;876;2420;0.0028686047206928347
2584;876;2459;-0.001905450486220099
2585;876;2460;-0.0009631542344727311
2586;877;2421;-0.0237471591068516
2587;877;2460;-0.011449287967110557
2588;877;2461;0.03519644707396216
2589;878;2422;0.010468680473393081
2590;878;2461;-0.03833727931769667
2591;878;2462;0.027868598844303587
2592;879;2423;0.0024495783390364716
2593;879;2462;-0.0018202042364941044
2594;879;2463;-0.0006293741025423652
2595;880;2424;-0.02752831086751558
2596;880;2463;-0.00917858307591796
2597;880;2464;0.03670689394343353
2598;881;2425;0.008044808768572307
2599;881;2464;-0.03927287719205155
2600;881;2465;0.03122806842347922
2601;882;2426;0.0019990764517743157
2602;882;2465;-0.00161979601281626
2603;883;2427;0.018748959140068484
2604;883;2466;-0.017716123785164233
2605;883;2467;-0.0010328353549042503
2606;884;2428;0.01487588153453982
2607;884;2467;0.0008958228562755107
2608;884;2468;-0.01577170439081533
2609;885;2429;0.0006156575578522645
2610;885;2468;-0.004915413769835288
2611;885;2469;0.004299756211983023
2612;886;2430;0.020949136691723595
2613;886;2469;-0.018246522844463084
2614;886;2470;-0.0027026138472605113
2615;887;2431;0.011047392122813152
2616;887;2470;0.001760736299261836
2617;887;2471;-0.012808128422074988
2618;888;2432;0.0016763756466009194
2619;888;2471;-0.00933740763409303
2620;888;2472;0.007661031987492109
2621;889;2433;0.021695652992591928
2622;889;2472;-0.01845536982691549
2623;889;2473;-0.0032402831656764383
2624;890;2434;0.008321081492682214
2625;890;2473;0.001582459262981869
2626;890;2474;-0.009903540755664082
2627;891;2435;0.002186389278655781
2628;891;2474;-0.012758705150091688
2629;891;2475;0.01057231587143591
2630;892;2436;0.0218360208841726
2631;892;2475;-0.019204191817708032
2632;892;2476;-0.002631829066464572
2633;893;2437;0.006590018410834321
2634;893;2476;0.0009676149231457761
2635;893;2477;-0.007557633333980097
2636;894;2438;0.001754222243639921
2637;894;2477;-0.015241730642770516
2638;894;2478;0.013487508399130595
2639;895;2439;0.02180069753128281
2640;895;2478;-0.02075248711857293
2641;895;2479;-0.0010482104127098745
2642;896;2440;0.005540931179263188
2643;896;2479;0.0002955293348393071
2644;896;2480;-0.005836460514102497
2645;897;2441;0.00032878089194137924
2646;897;2480;-0.016934857092795057
2647;897;2481;0.01660607620085368
2648;898;2442;0.021654683024472758
2649;898;2481;-0.0230579261057505
2650;898;2482;0.0014032430812777473
2651;899;2443;0.004950023019768853
2652;899;2482;-0.0003143442623109525
2653;899;2483;-0.0046356787574579
2654;900;2444;-0.0020216974898642566
2655;900;2483;-0.017914969678401855
2656;900;2484;0.019936667168266108
2657;901;2445;0.021282506171612838
2658;901;2484;-0.02594564119502534
2659;901;2485;0.004663135023412503
2660;902;2446;0.004663135023412486
2661;902;2485;-0.0008677665285524357
2662;902;2486;-0.00379536849486005
2663;903;2447;-0.005179352393243906
2664;903;2486;-0.018201848657564468
2665;903;2487;0.023381201050808494
2666;904;2448;0.020516131548588834
2667;904;2487;-0.02915820020800465
2668;904;2488;0.008642068659415813
2669;905;2449;0.004534496727546701
2670;905;2488;-0.0013855718544860973
2671;905;2489;-0.003148924873060603
2672;906;2450;-0.008986781686770749
2673;906;2489;-0.017804264114828064
2674;906;2490;0.026791045801598815
2675;907;2451;0.019220737876832903
2676;907;2490;-0.0323762406761106
2677;907;2491;0.013155502799277697
2678;908;2452;0.004404584767627468
2679;908;2491;-0.0018413427510365291
2680;908;2492;-0.002563242016590939
2681;909;2453;-0.013241641282122811
2682;909;2492;-0.016753249976566194
2683;909;2493;0.029994891258689003
2684;910;2454;0.017355983230082063
2685;910;2493;-0.03525866075787238
2686;910;2494;0.017902677527790317
2687;911;2455;0.004136738259766914
2688;911;2494;-0.002158725916547463
2689;911;2495;-0.0019780123432194506
2690;912;2456;-0.017687730415077256
2691;912;2495;-0.015122766752259353
2692;912;2496;0.032810497167336604
2693;913;2457;0.015014028465725627
2694;913;2496;-0.03753060481214543
2695;913;2497;0.02251657634641981
2696;914;2458;0.003692452787822659
2697;914;2497;-0.002274296931991442
2698;914;2498;-0.0014181558558312166
2699;915;2459;-0.02203517030612495
2700;915;2498;-0.013054867870299181
2701;915;2499;0.03509003817642413
2702;916;2460;0.012412442201583282
2703;916;2499;-0.039104478466500225
2704;916;2500;0.02669203626491693
2705;917;2461;0.003140832243734513
2706;917;2500;-0.002197095126983192
2707;917;2501;-0.0009437371167513205
2708;918;2462;-0.026048394607809486
2709;918;2501;-0.010766967758231097
2710;918;2502;0.03681536236604058
2711;919;2463;0.009807957178460325
2712;919;2502;-0.040090173003122745
2713;919;2503;0.030282215824662416
2714;920;2464;0.002565983248618009
2715;920;2503;-0.001981029360947382
2716;920;2504;-0.0005849538876706267
2717;921;2465;-0.029608272410662977
2718;921;2504;-0.008488451662481532
2719;922;2466;0.017716123785164233
2720;922;2505;-0.017716123785164233
2721;923;2467;0.00013701249862873996
2722;923;2505;-0.0023501619830263313
2723;923;2506;0.002213149484397591
2724;924;2468;0.020687118160650615
2725;924;2506;-0.01897990646771265
2726;924;2507;-0.0017072116929379585
2727;925;2469;0.01394676663248006
2728;925;2507;0.0013157614704344702
2729;925;2508;-0.015262528102914535
2730;926;2470;0.0009418775479986719
2731;926;2508;-0.006958946612458194
2732;926;2509;0.0060170690644595235
2733;927;2471;0.02214553605616802
2734;927;2509;-0.01944846785719319
2735;927;2510;-0.002697068198974825
2736;928;2472;0.010794337839423379
2737;928;2510;0.0016022887393359348
2738;928;2511;-0.012396626578759312
2739;929;2473;0.0016578239026945698
2740;929;2511;-0.010843904840017144
2741;929;2512;0.009186080937322575
2742;930;2474;0.022662245905755767
2743;930;2512;-0.020064893732829256
2744;930;2513;-0.0025973521729265128
2745;931;2475;0.008631875946272004
2746;931;2513;0.0011939043999627578
2747;931;2514;-0.009825780346234773
2748;932;2476;0.0016642141433187956
2749;932;2514;-0.013823226550542168
2750;932;2515;0.01215901240722337
2751;933;2477;0.022799363976750614
2752;933;2515;-0.021326940866098418
2753;933;2516;-0.001472423110652194
2754;934;2478;0.007264978719442331
2755;934;2516;0.0005302086323502526
2756;934;2517;-0.007795187351792584
2757;935;2479;0.0007526810778705643
2758;935;2517;-0.015989132175060913
2759;935;2518;0.015236451097190351
2760;936;2480;0.022771317606897552
2761;936;2518;-0.023340600716008117
2762;936;2519;0.0005692831091105783
2763;937;2481;0.006451849904896823
2764;937;2519;-0.00016448977354118649
2765;937;2520;-0.006287360131355637
2766;938;2482;-0.0010888988189667948
2767;938;2520;-0.017436485044310814
2768;938;2521;0.01852538386327761
2769;939;2483;0.022550648435859747
2770;939;2521;-0.026015425190905918
2771;939;2522;0.0034647767550461664
2772;940;2484;0.0060089740267592374
2773;940;2522;-0.0008296216335152704
2774;940;2523;-0.005179352393243967
2775;941;2485;-0.003795368494860069
2776;941;2523;-0.018201848657564586
2777;941;2524;0.02199721715242466
2778;942;2486;0.021997217152424614
2779;942;2524;-0.029149457887729064
2780;942;2525;0.007152240735304452
2781;943;2487;0.005776999157196155
2782;943;2525;-0.0014622625876468962
2783;943;2526;-0.004314736569549258
2784;944;2488;-0.0072564968049297135
2785;944;2526;-0.01828613792004021
2786;944;2527;0.025542634724969905
2787;945;2489;0.020953188987888664
2788;945;2527;-0.03245305366672982
2789;945;2528;0.011499864678841148
2790;946;2490;0.005585194874511781
2791;946;2528;-0.0020371138051326074
2792;946;2529;-0.0035480810693791732
2793;947;2491;-0.011314160048241154
2794;947;2529;-0.017688723362407288
2795;947;2530;0.02900288341064845
2796;948;2492;0.019316491993157135
2797;948;2530;-0.03557067776093939
2798;948;2531;0.01625418576778226
2799;949;2493;0.0052637694991833715
2800;949;2531;-0.0024739197099434788
2801;949;2532;-0.0027898497892398936
2802;950;2494;-0.015743951611242847
2803;950;2532;-0.01643408492998579
2804;950;2533;0.03217803654122863
2805;951;2495;0.017100779095478802
2806;951;2533;-0.03814434829215919
2807;951;2534;0.02104356919668033
2808;952;2496;0.0047201076448088256
2809;952;2534;-0.002677157063912898
2810;952;2535;-0.0020429505808959286
2811;953;2497;-0.020242279414428375
2812;953;2535;-0.014603218388240833
2813;953;2536;0.03484549780266912
2814;954;2498;0.014473023726130397
2815;954;2536;-0.03995487118686577
2816;954;2537;0.025481847460735375
2817;955;2499;0.004014440290076091
2818;955;2537;-0.0026295732926992915
2819;955;2538;-0.0013848669973767999
2820;956;2500;-0.024494941137933747
2821;956;2538;-0.012379532807748792
2822;956;2539;0.03687447394568257
2823;957;2501;0.011710704874982415
2824;957;2539;-0.04104216805723092
2825;957;2540;0.029331463182248465
2826;958;2502;0.003274810637082161
2827;958;2540;-0.0023988396418983373
2828;958;2541;-0.0008759709951838232
2829;959;2503;-0.02830118646371503
2830;959;2541;-0.010022093648476144
2831;959;2542;0.03832328011219115
2832;960;2504;0.009073405550152154
2833;960;2542;-0.041609992180406716
2834;961;2505;0.020066285768190563
2835;961;2543;-0.019310931557805146
2836;961;2544;-0.0007553542103854174
2837;962;2506;0.016766756983315062
2838;962;2544;0.0006702236971356562
2839;962;2545;-0.017436980680450725
2840;963;2507;0.00039145022250348813
2841;963;2545;-0.004525905191868898
2842;963;2546;0.004134454969365408
2843;964;2508;0.022221474715372794
2844;964;2546;-0.0202332332112077
2845;964;2547;-0.0019882415041650916
2846;965;2509;0.01343139879273366
2847;965;2547;0.001389875854921023
2848;965;2548;-0.014821274647654684
2849;966;2510;0.0010947794596388822
2850;966;2548;-0.008711329016312431
2851;966;2549;0.0076165495566735495
2852;967;2511;0.02324053141877646
2853;967;2549;-0.020898491906347398
2854;967;2550;-0.002342039512429054
2855;968;2512;0.01087881279550668
2856;968;2550;0.0012941514311291828
2857;968;2551;-0.012172964226635863
2858;969;2513;0.0014034477729637533
2859;969;2551;-0.012131573192147771
2860;969;2552;0.010728125419184019
2861;970;2514;0.023649006896776945
2862;970;2552;-0.02196559620698738
2863;970;2553;-0.0016834106897895625
2864;971;2515;0.009167928458875046
2865;971;2553;0.0007419241580699757
2866;971;2554;-0.009909852616945013
2867;972;2516;0.0009422144783019413
2868;972;2554;-0.014751687126722958
2869;972;2555;0.013809472648421016
2870;973;2517;0.023784319526853642
2871;973;2555;-0.023710367646532803
2872;973;2556;-7.395188032084302e-05
2873;974;2518;0.008104149618817768
2874;974;2556;2.6442773877276892e-05
2875;974;2557;-0.008130592392695044
2876;975;2519;-0.0004047933355693917
2877;975;2557;-0.016650674220742893
2878;975;2558;0.017055467556312282
2879;976;2520;0.023723845175666454
2880;976;2558;-0.026150856814932913
2881;976;2559;0.0024270116392664546
2882;977;2521;0.0074900413276283075
2883;977;2559;-0.0007212116241567496
2884;977;2560;-0.0067688297034715576
2885;978;2522;-0.002635155121530896
2886;978;2560;-0.017880976427057986
2887;978;2561;0.02051613154858888
2888;979;2523;0.02338120105080855
2889;979;2561;-0.029158200208004692
2890;979;2562;0.005776999157196143
2891;980;2524;0.007152240735304405
2892;980;2562;-0.001462262587646887
2893;980;2563;-0.0056899781476575165
2894;981;2525;-0.0056899781476575425
2895;981;2563;-0.01844877063952319
2896;981;2564;0.024138748787180732
2897;982;2526;0.022600874489589473
2898;982;2564;-0.03249379850482423
2899;982;2565;0.009892924015234696
2900;983;2527;0.006910418941759909
2901;983;2565;-0.00216550955979243
2902;983;2566;-0.004744909381967479
2903;984;2528;-0.009462750873708542
2904;984;2566;-0.018335965795115948
2905;984;2567;0.02779871666882449
2906;985;2529;0.021236804431786445
2907;985;2567;-0.035819396614515275
2908;985;2568;0.014582592182728834
2909;986;2530;0.006567794350290943
2910;986;2568;-0.002750555558911621
2911;986;2569;-0.003817238791379323
2912;987;2531;-0.013780266057838782
2913;987;2569;-0.017527271207160272
2914;987;2570;0.03130753726499905
2915;988;2532;0.019223934719225663
2916;988;2570;-0.038729185765275995
2917;988;2571;0.019505251046050297
2918;989;2533;0.005966311750930552
2919;989;2571;-0.003091727366613886
2920;989;2572;-0.0028745843843166665
2921;990;2534;-0.018366412132767403
2922;990;2572;-0.016039995496904144
2923;990;2573;0.03440640762967155
2924;991;2535;0.016646168969136767
2925;991;2573;-0.04086441570904986
2926;991;2574;0.024218246739912724
2927;992;2536;0.005109373384196645
2928;992;2574;-0.0031152861838253183
2929;992;2575;-0.0019940872003713275
2930;993;2537;-0.022852274168036084
2931;993;2575;-0.013984429491297155
2932;993;2576;0.03683670365933323
2933;994;2538;0.013764399805125584
2934;994;2576;-0.04212945371059457
2935;994;2577;0.028365053905469572
2936;995;2539;0.004167694111548345
2937;995;2577;-0.0028833714410651636
2938;995;2578;-0.0012843226704831814
2939;996;2540;-0.026932623540350118
2940;996;2578;-0.01161324368946593
2941;996;2579;0.03854586722981605
2942;997;2541;0.010898064643659954
2943;997;2579;-0.042712995613547196
2944;997;2580;0.031814930969887266
2945;998;2542;0.003286712068215579
2946;998;2580;-0.0025092217774451654
2947;999;2543;0.01931093155780515
2948;999;2581;-0.01931093155780515
2949;1000;2544;8.513051324976118e-05
2950;1000;2581;-0.0021763955138453498
2951;1000;2582;0.002091265000595589
2952;1001;2545;0.02196288587231962
2953;1001;2582;-0.020737753838594875
2954;1001;2583;-0.0012251320337247475
2955;1002;2546;0.01609877824184226
2956;1002;2583;0.0009830454442268028
2957;1002;2584;-0.017081823686069066
2958;1003;2547;0.0005983656492440685
2959;1003;2584;-0.00646106518303307
2960;1003;2585;0.005862699533788988
2961;1004;2548;0.023532603663967113
2962;1004;2585;-0.02162177874707529
2963;1004;2586;-0.0019108249168918253
2964;1005;2549;0.01328194234967385
2965;1005;2586;0.0012334985713846171
2966;1005;2587;-0.014515440921058467
2967;1006;2550;0.0010478880812998664
2968;1006;2587;-0.010218902886633584
2969;1006;2588;0.00917101480533372
2970;1007;2551;0.02430453741878373
2971;1007;2588;-0.022614063364722728
2972;1007;2589;-0.0016904740540610132
2973;1008;2552;0.01123747078780336
2974;1008;2589;0.0008838590359924171
2975;1008;2590;-0.012121329823795775
2976;1009;2553;0.0009414865317195866
2977;1009;2590;-0.01325100200165729
2978;1009;2591;0.012309515469937703
2979;1010;2554;0.024661539743667873
2980;1010;2591;-0.024140115967065025
2981;1010;2592;-0.0005214237766028504
2982;1011;2555;0.009900894998111847
2983;1011;2592;0.00022361951220519096
2984;1011;2593;-0.010124514510317041
2985;1012;2556;4.750910644356614e-05
2986;1012;2593;-0.015576349446973774
2987;1012;2594;0.01552884034053021
2988;1013;2557;0.024781266613437936
2989;1013;2594;-0.026343318614637422
2990;1013;2595;0.001562052001199484
2991;1014;2558;0.009095389258620627
2992;1014;2595;-0.000559707945336707
2993;1014;2596;-0.00853568131328392
2994;1015;2559;-0.0017058000151097042
2995;1015;2596;-0.017248807648739012
2996;1015;2597;0.01895460766384871
2997;1016;2560;0.02464980613052955
2998;1016;2597;-0.02918430285807623
2999;1016;2598;0.004534496727546684
3000;1017;2561;0.008642068659415811
3001;1017;2598;-0.0013855718544860877
3002;1017;2599;-0.007256496804929724
3003;1018;2562;-0.004314736569549256
3004;1018;2599;-0.018286137920040288
3005;1018;2600;0.022600874489589546
3006;1019;2563;0.024138748787180718
3007;1019;2600;-0.03249379850482428
3008;1019;2601;0.008355049717643552
3009;1020;2564;0.0083550497176435
3010;1020;2601;-0.002210222515028502
3011;1020;2602;-0.006144827202614998
3012;1021;2565;-0.007727414455442261
3013;1021;2602;-0.018666833415607167
3014;1021;2603;0.02639424787104943
3015;1022;2566;0.02308087517708343
3016;1022;2603;-0.03597986585105231
3017;1022;2604;0.012898990673968876
3018;1023;2567;0.008020679945690782
3019;1023;2604;-0.0029566075815394884
3020;1023;2605;-0.005064072364151295
3021;1024;2568;-0.011832036623817179
3022;1024;2605;-0.01834981781858716
3023;1024;2606;0.030181854442404343
3024;1025;2569;0.02134450999853959
3025;1025;2606;-0.03923229349944593
3026;1025;2607;0.017887783500906355
3027;1026;2570;0.0074216485002769495
3028;1026;2607;-0.0034820589789372977
3029;1026;2608;-0.003939589521339651
3030;1027;2571;-0.016413523679436465
3031;1027;2608;-0.017299726618248697
3032;1027;2609;0.03371325029768516
3033;1028;2572;0.018914579881220812
3034;1028;2609;-0.041785117377964906
3035;1028;2610;0.022870537496744257
3036;1029;2573;0.006458008079378315
3037;1029;2610;-0.0036403502255148252
3038;1029;2611;-0.0028176578538634907
3039;1030;2574;-0.02110296055608739
3040;1030;2611;-0.01553587267065228
3041;1030;2612;0.036638833226739664
3042;1031;2575;0.015978516691668485
3043;1031;2612;-0.043339960547257084
3044;1031;2613;0.0273614438555886
3045;1032;2576;0.005292750051261336
3046;1032;2613;-0.003440708884420306
3047;1032;2614;-0.0018520411668410302
3048;1033;2577;-0.02548168246440441
3049;1033;2614;-0.013243402081564527
3050;1033;2615;0.03872508454596894
3051;1034;2578;0.012897566359949111
3052;1034;2615;-0.04400464178996476
3053;1034;2616;0.031107075430015646
3054;1035;2579;0.004167128383731148
3055;1035;2616;-0.003028056749023414
3056;1035;2617;-0.0011390716347077312
3057;1036;2580;-0.0293057091924421
3058;1036;2617;-0.010754629117353951
3059;1037;2581;0.0214873270716505
3060;1037;2618;-0.020957656838633737
3061;1037;2619;-0.0005296702330167619
3062;1038;2582;0.018646488837999287
3063;1038;2619;0.0004783535381000744
3064;1038;2620;-0.019124842376099363
3065;1039;2583;0.00024208658949794476
3066;1039;2620;-0.004202912518725642
3067;1039;2621;0.003960825929227698
3068;1040;2584;0.023542888869102135
3069;1040;2621;-0.022167368294739115
3070;1040;2622;-0.001375520574363019
3071;1041;2585;0.0157590792132863
3072;1041;2622;0.0010147163593950356
3073;1041;2623;-0.01677379557268134
3074;1042;2586;0.0006773263455072084
3075;1042;2623;-0.00815772383321264
3076;1042;2624;0.007480397487705432
3077;1043;2587;0.024734343807692048
3078;1043;2624;-0.02321322702541055
3079;1043;2625;-0.0015211167822814877
3080;1044;2588;0.01344304855938901
3081;1044;2625;0.0009211848979798217
3082;1044;2626;-0.01436423345736883
3083;1045;2589;0.0008066150180685962
3084;1045;2626;-0.011529781750860571
3085;1045;2627;0.010723166732791974
3086;1046;2590;0.02537233182545306
3087;1046;2627;-0.024595172635874928
3088;1046;2628;-0.0007771591895781296
3089;1047;2591;0.011830600497127319
3090;1047;2628;0.0003900894045626206
3091;1047;2629;-0.012220689901689938
3092;1048;2592;0.0002978042643976595
3093;1048;2629;-0.014241914314835505
3094;1048;2630;0.013944110050437844
3095;1049;2593;0.025700863957290744
3096;1049;2630;-0.026579273176283186
3097;1049;2631;0.0008784092189924454
3098;1050;2594;0.010814478274107212
3099;1050;2631;-0.000370750198147968
3100;1050;2632;-0.010443728075959245
3101;1051;2595;-0.0010023440558627771
3102;1051;2632;-0.01632457183425732
3103;1051;2633;0.017326915890120094
3104;1052;2596;0.025784488962022963
3105;1052;2633;-0.029227135718390182
3106;1052;2634;0.0034426467563672203
3107;1053;2597;0.010229695194227518
3108;1053;2634;-0.001242913507456732
3109;1053;2635;-0.008986781686770785
3110;1054;2598;-0.0031489248730605956
3111;1054;2635;-0.017804264114828224
3112;1054;2636;0.020953188987888845
3113;1055;2599;0.02554263472497001
3114;1055;2636;-0.032453053666730035
3115;1055;2637;0.0069104189417600135
3116;1056;2600;0.009892924015234733
3117;1056;2637;-0.0021655095597924645
3118;1056;2638;-0.007727414455442268
3119;1057;2601;-0.006144827202615034
3120;1057;2638;-0.01866683341560714
3121;1057;2639;0.0248116606182223
3122;1058;2602;0.024811660618222167
3123;1058;2639;-0.03603531423166245
3124;1058;2640;0.011223653613440292
3125;1059;2603;0.009585617980002875
3126;1059;2640;-0.0030666195542972084
3127;1059;2641;-0.006518998425705668
3128;1060;2604;-0.009942383092429393
3129;1060;2641;-0.018860580839162346
3130;1060;2642;0.028802963931591742
3131;1061;2605;0.023413890182738525
3132;1061;2642;-0.03960171990973066
3133;1061;2643;0.016187829726992124
3134;1062;2606;0.009050439057041592
3135;1062;2643;-0.003804263017305324
3136;1062;2644;-0.005246176039736268
3137;1063;2607;-0.01440572452196906
3138;1063;2644;-0.018314517623127545
3139;1063;2645;0.0327202421450966
3140;1064;2608;0.02123931613958834
3141;1064;2645;-0.04263900699135022
3142;1064;2646;0.02139969085176196
3143;1065;2609;0.008071867080279746
3144;1065;2646;-0.0041732998250669645
3145;1065;2647;-0.0038985672552127814
3146;1066;2610;-0.019230187271229437
3147;1066;2647;-0.01696913863061863
3148;1066;2648;0.03619932590184807
3149;1067;2611;0.01835353052451576
3150;1067;2648;-0.044636640405556705
3151;1067;2649;0.026283109881040927
3152;1068;2612;0.006701127320517411
3153;1068;2649;-0.004069106155909753
3154;1068;2650;-0.002632021164607658
3155;1069;2613;-0.02392073497116829
3156;1069;2650;-0.014882144853925885
3157;1069;2651;0.03880287982509423
3158;1070;2614;0.015095443248405558
3159;1070;2651;-0.045491745636023595
3160;1070;2652;0.030396302387618028
3161;1071;2615;0.005279557243995817
3162;1071;2652;-0.003635629174993103
3163;1071;2653;-0.0016439280690027144
3164;1072;2616;-0.028079018680992232
3165;1072;2653;-0.012368201192594802
3166;1072;2654;0.04044721987358704
3167;1073;2617;0.011893700752061684
3168;1073;2654;-0.045544583028635635
3169;1074;2618;0.020957656838633737
3170;1074;2655;-0.020957656838633737
3171;1075;2619;5.131669491668753e-05
3172;1075;2655;-0.0020304665339250924
3173;1075;2656;0.0019791498390084043
3174;1076;2620;0.023327754894824995
3175;1076;2656;-0.02250318897916361
3176;1076;2657;-0.0008245659156613939
3177;1077;2621;0.018206542365511398
3178;1077;2657;0.0006828801761191415
3179;1077;2658;-0.018889422541630535
3180;1078;2622;0.00036080421496798314
3181;1078;2658;-0.006032673956794642
3182;1078;2659;0.005671869741826643
3183;1079;2623;0.024931519405893915
3184;1079;2659;-0.023709189562060043
3185;1079;2660;-0.0012223298438338815
3186;1080;2624;0.01573282953770512
3187;1080;2660;0.0008411836624867405
3188;1080;2661;-0.01657401320019186
3189;1081;2625;0.000599931884301666
3190;1081;2661;-0.009644856001054608
3191;1081;2662;0.009044924116752942
3192;1082;2626;0.025894015208229402
3193;1082;2662;-0.025036103432816037
3194;1082;2663;-0.0008579117754133693
3195;1083;2627;0.013872005903082971
3196;1083;2663;0.0004941747176220141
3197;1083;2664;-0.01436618062070499
3198;1084;2628;0.00038706978501550906
3199;1084;2664;-0.012686190166829286
3200;1084;2665;0.012299120381813779
3201;1085;2629;0.026462604216525444
3202;1085;2665;-0.02684020278666497
3203;1085;2666;0.0003775985701395245
3204;1086;2630;0.01263516312584534
3205;1086;2666;-0.0001841434093892912
3206;1086;2667;-0.01245101971645605
3207;1087;2631;-0.0005076590208444769
3208;1087;2667;-0.01513708992864172
3209;1087;2668;0.015644748949486198
3210;1088;2632;0.026768299910216564
3211;1088;2668;-0.029284857586126326
3212;1088;2669;0.0025165576759097765
3213;1089;2633;0.011900219828270085
3214;1089;2669;-0.001054050976445382
3215;1089;2670;-0.010846168851824703
3216;1090;2634;-0.0021997332489104883
3217;1090;2670;-0.017021004627922567
3218;1090;2671;0.01922073787683306
3219;1091;2635;0.026791045801599005
3220;1091;2671;-0.0323762406761108
3221;1091;2672;0.0055851948745117876
3222;1092;2636;0.011499864678841194
3223;1092;2672;-0.0020371138051326035
3224;1092;2673;-0.00946275087370859
3225;1093;2637;-0.00474490938196755
3226;1093;2673;-0.018335965795116087
3227;1093;2674;0.02308087517708364
3228;1094;2638;0.02639424787104934
3229;1094;2674;-0.035979865851052506
3230;1094;2675;0.009585617980003194
3231;1095;2639;0.011223653613440153
3232;1095;2675;-0.0030666195542972613
3233;1095;2676;-0.00815703405914289
3234;1096;2640;-0.008157034059143083
3235;1096;2676;-0.01903374974677838
3236;1096;2677;0.027190783805921315
3237;1097;2641;0.025379579264868016
3238;1097;2677;-0.03979723447298861
3239;1097;2678;0.014417655208120578
3240;1098;2642;0.010798755978138919
3241;1098;2678;-0.004016999959431043
3242;1098;2679;-0.006781756018707875
3243;1099;2643;-0.01238356670968692
3244;1099;2679;-0.019025654345864514
3245;1099;2680;0.03140922105555144
3246;1100;2644;0.023560693662863695
3247;1100;2680;-0.04333383909670324
3248;1100;2681;0.01977314543383974
3249;1101;2645;0.00991876484625362
3250;1101;2681;-0.004659338443135472
3251;1101;2682;-0.005259426403118148
3252;1102;2646;-0.017226391026694987
3253;1102;2682;-0.018200137617242408
3254;1102;2683;0.03542652864393741
3255;1103;2647;0.020867705885831415
3256;1103;2683;-0.04593921409846344
3257;1103;2684;0.025071508212632015
3258;1104;2648;0.00843731450370863
3259;1104;2684;-0.004751922024930659
3260;1104;2685;-0.0036853924787779713
3261;1105;2649;-0.022214003725131163
3262;1105;2685;-0.01647862978324128
3263;1105;2686;0.03869263350837275
3264;1106;2650;0.017514166018533544
3265;1106;2686;-0.04716290572849223
3266;1106;2687;0.029648739709958648
3267;1107;2651;0.006688865810929364
3268;1107;2687;-0.004342809981450161
3269;1107;2688;-0.002346055829479203
3270;1108;2652;-0.02676067321262494
3271;1108;2688;-0.014047360890274634
3272;1108;2689;0.04080803410289957
3273;1109;2653;0.014012129261597516
3274;1109;2689;-0.047255193172469484
3275;1109;2690;0.03324306391087194
3276;1110;2654;0.005097363155048601
3277;1110;2690;-0.0036979441722550643
3278;1111;2655;0.022988123372558823
3279;1111;2691;-0.02264357828052447
3280;1111;2692;-0.00034454509203435375
3281;1112;2656;0.020524039140155263
3282;1112;2692;0.0003155894985482486
3283;1112;2693;-0.02083962863870352
3284;1113;2657;0.0001416857395422525
3285;1113;2693;-0.003926195955142658
3286;1113;2694;0.0037845102156004056
3287;1114;2658;0.02492209649842517
3288;1114;2694;-0.024065447268283774
3289;1114;2695;-0.0008566492301413975
3290;1115;2659;0.018037319820233398
3291;1115;2695;0.0006594381478267017
3292;1115;2696;-0.018696757968060102
3293;1116;2660;0.0003811461813471408
3294;1116;2696;-0.007663270696439231
3295;1116;2697;0.007282124515092095
3296;1117;2661;0.02621886920124647
3297;1117;2697;-0.025423985569004808
3298;1117;2698;-0.0007948836322416617
3299;1118;2662;0.015991179316063094
3300;1118;2698;0.0005169647259584884
3301;1118;2699;-0.016508144042021583
3302;1119;2663;0.0003637370577913553
3303;1119;2699;-0.010957952517134401
3304;1119;2700;0.010594215459343049
3305;1120;2664;0.027052370787534277
3306;1120;2700;-0.027103525364245915
3307;1120;2701;5.115457671163787e-05
3308;1121;2665;0.014541082404851203
3309;1121;2701;-2.8361752609763988e-05
3310;1121;2702;-0.01451272065224143
3311;1122;2666;-0.00019345516075023328
3312;1122;2702;-0.01372422633466795
3313;1122;2703;0.013917681495418183
3314;1123;2667;0.027588109645097766
3315;1123;2703;-0.02935349214247541
3316;1123;2704;0.0017653824973776345
3317;1124;2668;0.013640108636640124
3318;1124;2704;-0.0008445171920758737
3319;1124;2705;-0.012795591444564252
3320;1125;2669;-0.0014625066994643837
3321;1125;2705;-0.015965283245014856
3322;1125;2706;0.017427789944479244
3323;1126;2670;0.027867173479747286
3324;1126;2706;-0.032271758247374674
3325;1126;2707;0.004404584767627435
3326;1127;2671;0.01315550279927774
3327;1127;2707;-0.0018413427510365126
3328;1127;2708;-0.01131416004824123
3329;1128;2672;-0.0035480810693791836
3330;1128;2708;-0.017688723362407486
3331;1128;2709;0.021236804431786667
3332;1129;2673;0.027798716668824677
3333;1129;2709;-0.03581939661451554
3334;1129;2710;0.008020679945690844
3335;1130;2674;0.012898990673968873
3336;1130;2710;-0.0029566075815394867
3337;1130;2711;-0.009942383092429386
3338;1131;2675;-0.006518998425705952
3339;1131;2711;-0.018860580839162644
3340;1131;2712;0.025379579264868442
3341;1132;2676;0.027190783805921263
3342;1132;2712;-0.03979723447298908
3343;1132;2713;0.012606450667067264
3344;1133;2677;0.012606450667067289
3345;1133;2713;-0.004091349295451302
3346;1133;2714;-0.008515101371615987
3347;1134;2678;-0.010400655248689536
3348;1134;2714;-0.019391703110240712
3349;1134;2715;0.029792358358930248
3350;1135;2679;0.025807410364572403
3351;1135;2715;-0.0437873109926136
3352;1135;2716;0.017979900628041195
3353;1136;2680;0.011924618041151802
3354;1136;2716;-0.0050323376486572004
3355;1136;2717;-0.006892280392494602
3356;1137;2681;-0.01511380699070427
3357;1137;2717;-0.019144487190502213
3358;1137;2718;0.03425829418120648
3359;1138;2682;0.02345956402036058
3360;1138;2718;-0.04710832632756249
3361;1138;2719;0.02364876230720191
3362;1139;2683;0.010512685454526027
3363;1139;2719;-0.005444377400228462
3364;1139;2720;-0.005068308054297565
3365;1140;2684;-0.020319586187701355
3366;1140;2720;-0.017950117405692672
3367;1140;2721;0.03826970359339403
3368;1141;2685;0.020164022262019247
3369;1141;2721;-0.04896694030424173
3370;1141;2722;0.02880291804222249
3371;1142;2686;0.008470272220119483
3372;1142;2722;-0.005152873672097836
3373;1142;2723;-0.0033173985480216463
3374;1143;2687;-0.025305929728508484
3375;1143;2723;-0.015765832088876327
3376;1143;2724;0.04107176181738481
3377;1144;2688;0.016393416719753844
3378;1144;2724;-0.04925190104970674
3379;1144;2725;0.0328584843299529
3380;1145;2689;0.006447159069569908
3381;1145;2725;-0.00444831465859776
3382;1145;2726;-0.0019988444109721474
3383;1146;2690;-0.02954511973861687
3384;1146;2726;-0.013021015541379691
3385;1147;2691;0.02264357828052447
3386;1147;2727;-0.02264357828052447
3387;1148;2692;2.8955593486104882e-05
3388;1148;2727;-0.0019029678927956397
3389;1148;2728;0.0018740122993095344
3390;1149;2693;0.02476582459384615
3391;1149;2728;-0.024273104546960828
3392;1149;2729;-0.0004927200468853316
3393;1150;2694;0.020280937052683388
3394;1150;2729;0.00041859857566680454
3395;1150;2730;-0.020699535628350196
3396;1151;2695;0.00019721108231469578
3397;1151;2730;-0.005654507843582351
3398;1151;2731;0.005457296761267655
3399;1152;2696;0.02636002866449933
3400;1152;2731;-0.025727636639949564
3401;1152;2732;-0.0006323920245497688
3402;1153;2697;0.018141861053912717
3403;1153;2732;0.00045801363664806224
3404;1153;2733;-0.018599874690560778
3405;1154;2698;0.00027791890628317334
3406;1154;2733;-0.00911352423729422
3407;1154;2734;0.00883560533101105
3408;1155;2699;0.027466096559155953
3409;1155;2734;-0.027344993238345622
3410;1155;2735;-0.0001211033208103262
3411;1156;2700;0.016509309904902864
3412;1156;2735;7.52919669230637e-05
3413;1156;2736;-0.01658460187182591
3414;1157;2701;-2.279282410187388e-05
3415;1157;2736;-0.012131529464190542
3416;1157;2737;0.012154322288292416
3417;1158;2702;0.02823694698690939
3418;1158;2737;-0.029426226685756292
3419;1158;2738;0.001189279698846906
3420;1159;2703;0.015435810647057222
3421;1159;2738;-0.0006410865826165591
3422;1159;2739;-0.014794724064440672
3423;1160;2704;-0.0009208653053017607
3424;1160;2739;-0.014675553751072639
3425;1160;2740;0.015596419056374404
3426;1161;2705;0.028760874689579108
3427;1161;2740;-0.03214985399553961
3428;1161;2741;0.0033889793059605003
3429;1162;2706;0.014843968302895427
3430;1162;2741;-0.0016023270207725401
3431;1162;2742;-0.013241641282122886
3432;1163;2707;-0.0025632420165909225
3433;1163;2742;-0.01675324997656627
3434;1163;2743;0.0193164919931572
3435;1164;2708;0.029002883410648717
3436;1164;2743;-0.035570677760939515
3437;1164;2744;0.006567794350290895
3438;1165;2709;0.014582592182728876
3439;1165;2744;-0.0027505555589115863
3440;1165;2745;-0.011832036623817288
3441;1166;2710;-0.005064072364151358
3442;1166;2745;-0.018349817818587508
3443;1166;2746;0.023413890182738865
3444;1167;2711;0.02880296393159206
3445;1167;2746;-0.03960171990973118
3446;1167;2747;0.010798755978139122
3447;1168;2712;0.014417655208120638
3448;1168;2747;-0.004016999959431085
3449;1168;2748;-0.010400655248689553
3450;1169;2713;-0.00851510137161596
3451;1169;2748;-0.019391703110240875
3452;1169;2749;0.027906804481856833
3453;1170;2714;0.027906804481856704
3454;1170;2749;-0.04394476362779519
3455;1170;2750;0.016037959145938484
3456;1171;2715;0.013994952633683347
3457;1171;2750;-0.005235057983109349
3458;1171;2751;-0.008759894650573998
3459;1172;2716;-0.012947562979384021
3460;1172;2751;-0.019736787765382617
3461;1172;2752;0.03268435074476664
3462;1173;2717;0.02603676758299681
3463;1173;2752;-0.04798944553550284
3464;1173;2753;0.021952677952505793
3465;1174;2718;0.012850032146356005
3466;1174;2753;-0.006054560975957994
3467;1174;2754;-0.006795471170398011
3468;1175;2719;-0.01820438490697346
3469;1175;2754;-0.019176998236074834
3470;1175;2755;0.0373813831430483
3471;1176;2720;0.023018425459990242
3472;1176;2755;-0.050773860921280056
3473;1176;2756;0.027755435461289828
3474;1177;2721;0.010697236710847706
3475;1177;2756;-0.006050011963434961
3476;1177;2757;-0.004647224747412744
3477;1178;2722;-0.023650044370124648
3478;1178;2757;-0.017467088043395612
3479;1178;2758;0.04111713241352019
3480;1179;2723;0.01908323063689798
3481;1179;2758;-0.051534088980645626
3482;1179;2759;0.03245085834374639
3483;1180;2724;0.008180139232321935
3484;1180;2759;-0.005339597847829593
3485;1180;2760;-0.002840541384492342
3486;1181;2725;-0.02841016967135514
3487;1181;2760;-0.01478732861380717
3488;1181;2761;0.0431974982851623
3489;1182;2726;0.015019859952351833
3490;1182;2761;-0.050823803344443946
3491;1183;2727;0.02454654617332011
3492;1183;2762;-0.024354007380758352
3493;1183;2763;-0.00019253879256175783
3494;1184;2728;0.02239909224765129
3495;1184;2763;0.0001784092193935138
3496;1184;2764;-0.022577501467044802
3497;1185;2729;7.412147121852713e-05
3498;1185;2764;-0.0036805657956580726
3499;1185;2765;0.003606444324439546
3500;1186;2730;0.026354043471932584
3501;1186;2765;-0.025931020153350665
3502;1186;2766;-0.00042302331858192204
3503;1187;2731;0.020270339878681903
3504;1187;2766;0.000337128385411238
3505;1187;2767;-0.020607468264093144
3506;1188;2732;0.0001743783879017065
3507;1188;2767;-0.007212233463939549
3508;1188;2768;0.0070378550760378435
3509;1189;2733;0.02771339892785499
3510;1189;2768;-0.027542657709652606
3511;1189;2769;-0.0001707412182023766
3512;1190;2734;0.01850938790733457
3513;1190;2769;0.00011762257529177611
3514;1190;2770;-0.018627010482626348
3515;1191;2735;4.581135388726254e-05
3516;1191;2770;-0.010409886557908529
3517;1191;2771;0.010364075204021266
3518;1192;2736;0.028716131336016453
3519;1192;2771;-0.029493543375220678
3520;1192;2772;0.0007774120392042267
3521;1193;2737;0.017271904397463907
3522;1193;2772;-0.0004667135025595424
3523;1193;2773;-0.016805190894904364
3524;1194;2738;-0.000548193116230347
3525;1194;2773;-0.013197369405525714
3526;1194;2774;0.013745562521756061
3527;1195;2739;0.029470277815513306
3528;1195;2774;-0.03202012240581782
3529;1195;2775;0.0025498445903045196
3530;1196;2740;0.016553434939165206
3531;1196;2775;-0.0013476813228087573
3532;1196;2776;-0.015205753616356451
3533;1197;2741;-0.0017866522851879602
3534;1197;2776;-0.015569330944894082
3535;1197;2777;0.01735598323008204
3536;1198;2742;0.02999489125868913
3537;1198;2777;-0.035258660757872415
3538;1198;2778;0.005263769499183283
3539;1199;2743;0.016254185767782318
3540;1199;2778;-0.002473919709943438
3541;1199;2779;-0.01378026605783888
3542;1200;2744;-0.0038172387913792912
3543;1200;2779;-0.017527271207160376
3544;1200;2780;0.021344509998539672
3545;1201;2745;0.0301818544424048
3546;1201;2780;-0.03923229349944613
3547;1201;2781;0.009050439057041577
3548;1202;2746;0.016187829726992314
3549;1202;2781;-0.003804263017305321
3550;1202;2782;-0.012383566709686995
3551;1203;2747;-0.006781756018708005
3552;1203;2782;-0.01902565434586466
3553;1203;2783;0.02580741036457267
3554;1204;2748;0.029792358358930432
3555;1204;2783;-0.04378731099261388
3556;1204;2784;0.013994952633683427
3557;1205;2749;0.016037959145938356
3558;1205;2784;-0.0052350579831093235
3559;1205;2785;-0.010802901162829032
3560;1206;2750;-0.010802901162829137
3561;1206;2785;-0.01993837374063957
3562;1206;2786;0.03074127490346871
3563;1207;2751;0.028496682415956605
3564;1207;2786;-0.04846167127099732
3565;1207;2787;0.019964988855040732
3566;1208;2752;0.015305094790736207
3567;1208;2787;-0.006475113748714513
3568;1208;2788;-0.008829981042021694
3569;1209;2753;-0.015898116976547777
3570;1209;2788;-0.02005061331248458
3571;1209;2789;0.035948730289032366
3572;1210;2754;0.025972469406472843
3573;1210;2789;-0.05232559722929639
3574;1210;2790;0.026353127822823553
3575;1211;2755;0.013392477778231764
3576;1211;2790;-0.006971161133721886
3577;1211;2791;-0.0064213166445098785
3578;1212;2756;-0.021705423497854884
3579;1212;2791;-0.019038098048393896
3580;1212;2792;0.04074352154624879
3581;1213;2757;0.02211431279080834
3582;1213;2792;-0.05404136433514751
3583;1213;2793;0.03192705154433918
3584;1214;2758;0.010416956567125431
3585;1214;2793;-0.006388867915101239
3586;1214;2794;-0.004028088652024193
3587;1215;2759;-0.027111260495916813
3588;1215;2794;-0.016648545256086653
3589;1215;2795;0.04375980575200307
3590;1216;2760;0.017627869998299517
3591;1216;2795;-0.0534851161153493
3592;1216;2796;0.035857246117049775
3593;1217;2761;0.007626305059281632
3594;1217;2796;-0.005310340813685354
3595;1218;2762;0.024354007380758352
3596;1218;2797;-0.024354007380758352
3597;1219;2763;1.4129573168244047e-05
3598;1219;2797;-0.0017872332356921338
3599;1219;2798;0.0017731036625238897
3600;1220;2764;0.026258067262702873
3601;1220;2798;-0.026038097837280293
3602;1220;2799;-0.00021996942542257882
3603;1221;2765;0.022324575828911106
3604;1221;2799;0.00019086141253994975
3605;1221;2800;-0.022515437241451056
3606;1222;2766;8.589493317068386e-05
3607;1222;2800;-0.005310311657145336
3608;1222;2801;0.00522441672397465
3609;1223;2767;0.0278197017280327
3610;1223;2801;-0.027681741908047192
3611;1223;2802;-0.00013795981998550628
3612;1224;2768;0.020504802633614764
3613;1224;2802;0.00010420419432769493
3614;1224;2803;-0.020609006827942457
3615;1225;2769;5.3118642910600464e-05
3616;1225;2803;-0.008612235756485447
3617;1225;2804;0.008559117113574849
3618;1226;2770;0.02903689704053488
3619;1226;2804;-0.02954470971861091
3620;1226;2805;0.0005078126780760323
3621;1227;2771;0.019129468171199385
3622;1227;2805;-0.0003360250635572467
3623;1227;2806;-0.018793443107642152
3624;1228;2772;-0.0003106985366446843
3625;1228;2806;-0.011580261203429993
3626;1228;2807;0.011890959740074671
3627;1229;2773;0.030002560300430074
3628;1229;2807;-0.03188914929870588
3629;1229;2808;0.0018865889982757995
3630;1230;2774;0.018274559884061757
3631;1230;2808;-0.0011032927445980543
3632;1230;2809;-0.0171712671394637
3633;1231;2775;-0.0012021632674957623
3634;1231;2809;-0.014184961075308363
3635;1231;2810;0.015387124342804117
3636;1232;2776;0.030775084561250592
3637;1232;2810;-0.03491182282101754
3638;1232;2811;0.004136738259766983
3639;1233;2777;0.01790267752779038
3640;1233;2811;-0.0021587259165475013
3641;1233;2812;-0.01574395161124288
3642;1234;2778;-0.002789849789239842
3643;1234;2812;-0.016434084929985764
3644;1234;2813;0.01922393471922576
3645;1235;2779;0.03130753726499927
3646;1235;2813;-0.03872918576527628
3647;1235;2814;0.007421648500277074
3648;1236;2780;0.017887783500906463
3649;1236;2814;-0.003482058978937361
3650;1236;2815;-0.014405724521969102
3651;1237;2781;-0.005246176039736246
3652;1237;2815;-0.01831451762312754
3653;1237;2816;0.023560693662863744
3654;1238;2782;0.03140922105555165
3655;1238;2816;-0.043333839096703505
3656;1238;2817;0.01192461804115201
3657;1239;2783;0.017979900628041216
3658;1239;2817;-0.005032337648657247
3659;1239;2818;-0.012947562979383969
3660;1240;2784;-0.008759894650574106
3661;1240;2818;-0.01973678776538277
3662;1240;2819;0.0284966824159568
3663;1241;2785;0.03074127490346873
3664;1241;2819;-0.04846167127099735
3665;1241;2820;0.017720396367528608
3666;1242;2786;0.01772039636752861
3667;1242;2820;-0.0066251062410934035
3668;1242;2821;-0.01109529012643521
3669;1243;2787;-0.013489875106326217
3670;1243;2821;-0.020502294856923016
3671;1243;2822;0.03399216996324923
3672;1244;2788;0.028880594354506288
3673;1244;2822;-0.05336600816681686
3674;1244;2823;0.024485413812310584
3675;1245;2789;0.016376866940264023
3676;1245;2823;-0.007744194423810177
3677;1245;2824;-0.008632672516453846
3678;1246;2790;-0.019381966689101665
3679;1246;2824;-0.020285901570321806
3680;1246;2825;0.03966786825942348
3681;1247;2791;0.025459414692903776
3682;1247;2825;-0.05656795381075874
3683;1247;2826;0.031108539117854966
3684;1248;2792;0.013297842788898718
3685;1248;2826;-0.007592370479132578
3686;1248;2827;-0.005705472309766138
3687;1249;2793;-0.025538183629237945
3688;1249;2827;-0.018546753691734263
3689;1249;2828;0.044084937320972205
3690;1250;2794;0.020676633908110836
3691;1250;2828;-0.05661153751144858
3692;1250;2829;0.03593490360333777
3693;1251;2795;0.009725310363346226
3694;1251;2829;-0.0064304448977682265
3695;1251;2830;-0.003294865465577998
3696;1252;2796;-0.03054690530336442
3697;1252;2830;-0.01543680599037337
3698;1253;2797;0.026141240616450484
3699;1253;2831;-0.026072660008412605
3700;1253;2832;-6.858060803787856e-05
3701;1254;2798;0.024264994174756405
3702;1254;2832;6.416562565415615e-05
3703;1254;2833;-0.02432915980041056
3704;1255;2799;2.9108012882629062e-05
3705;1255;2833;-0.003454668755250311
3706;1255;2834;0.003425560742367682
3707;1256;2800;0.027825748898596396
3708;1256;2834;-0.027758994098952064
3709;1256;2835;-6.675479964431548e-05
3710;1257;2801;0.022457325184072542
3711;1257;2835;5.4761566357557e-05
3712;1257;2836;-0.0225120867504301
3713;1258;2802;3.375562565781133e-05
3714;1258;2836;-0.006789607738401243
3715;1258;2837;0.006755852112743433
3716;1259;2803;0.02922124258442791
3717;1259;2837;-0.02957064440589647
3718;1259;2838;0.00034940182146856293
3719;1260;2804;0.02098559260503606
3720;1260;2838;-0.00025248446616613025
3721;1260;2839;-0.020733108138869933
3722;1261;2805;-0.00017178761451878564
3723;1261;2839;-0.009874411284724926
3724;1261;2840;0.01004619889924371
3725;1262;2806;0.03037370431107214
3726;1262;2840;-0.031759452157026274
3727;1262;2841;0.0013857478459541293
3728;1263;2807;0.019998189558631196
3729;1263;2841;-0.0008885432638568158
3730;1263;2842;-0.019109646294774373
3731;1264;2808;-0.0007832962536777452
3732;1264;2842;-0.012651838913512441
3733;1264;2843;0.013435135167190186
3734;1265;2809;0.03135622821477208
3735;1265;2843;-0.034556378703316695
3736;1265;2844;0.003200150488544615
3737;1266;2810;0.019524698478213424
3738;1266;2844;-0.0018369680631360689
3739;1266;2845;-0.017687730415077353
3740;1267;2811;-0.001978012343219482
3741;1267;2845;-0.015122766752259376
3742;1267;2846;0.017100779095478857
3743;1268;2812;0.032178036541228625
3744;1268;2846;-0.03814434829215929
3745;1268;2847;0.005966311750930667
3746;1269;2813;0.019505251046050515
3747;1269;2847;-0.0030917273666139595
3748;1269;2848;-0.016413523679436555
3749;1270;2814;-0.003939589521339713
3750;1270;2848;-0.017299726618248704
3751;1270;2849;0.02123931613958842
3752;1271;2815;0.03272024214509664
3753;1271;2849;-0.04263900699135041
3754;1271;2850;0.009918764846253772
3755;1272;2816;0.01977314543383976
3756;1272;2850;-0.00465933844313553
3757;1272;2851;-0.015113806990704231
3758;1273;2817;-0.006892280392494747
3759;1273;2851;-0.01914448719050233
3760;1273;2852;0.02603676758299698
3761;1274;2818;0.03268435074476668
3762;1274;2852;-0.04798944553550284
3763;1274;2853;0.01530509479073629
3764;1275;2819;0.01996498885504054
3765;1275;2853;-0.006475113748714484
3766;1275;2854;-0.013489875106326057
3767;1276;2820;-0.011095290126435278
3768;1276;2854;-0.02050229485692311
3769;1276;2855;0.031597584983358386
3770;1277;2821;0.03159758498335823
3771;1277;2855;-0.05373079944967324
3772;1277;2856;0.022133214466315013
3773;1278;2822;0.019373838203567632
3774;1278;2856;-0.008185210556612494
3775;1278;2857;-0.011188627646955137
3776;1279;2823;-0.016741219388500338
3777;1279;2857;-0.02107198800319887
3778;1279;2858;0.0378132073916992
3779;1280;2824;0.02891857408677566
3780;1280;2858;-0.05859550284340791
3781;1280;2859;0.02967692875663224
3782;1281;2825;0.01690008555133527
3783;1281;2859;-0.008869240549091821
3784;1281;2860;-0.00803084500224345
3785;1282;2826;-0.023516168638722384
3786;1282;2860;-0.02032028335566893
3787;1282;2861;0.043836451994391276
3788;1283;2827;0.024252226001500406
3789;1283;2861;-0.06015977827157751
3790;1283;2862;0.03590755227007711
3791;1284;2828;0.012526600190476373
3792;1284;2862;-0.007802703204443007
3793;1284;2863;-0.004723896986033365
3794;1285;2829;-0.029504458705569545
3795;1285;2863;-0.01752844213631856
3796;1285;2864;0.047032900841888256
3797;1286;2830;0.018731671455951497
3798;1286;2864;-0.058276569765809284
3799;1287;2831;0.02607266000841261
3800;1287;2865;-0.02607266000841261
3801;1288;2832;4.414982383722417e-06
3802;1288;2865;-0.0016784676882766686
3803;1288;2866;0.0016740527058929462
3804;1289;2833;0.027783828555660875
3805;1289;2866;-0.02778481854612698
3806;1289;2867;9.899904661078444e-07
3807;1290;2834;0.02433343335658438
3808;1290;2867;-8.744138979273143e-07
3809;1290;2868;-0.02433255894268646
3810;1291;2835;1.199323328675848e-05
3811;1291;2868;-0.0049870291040467404
3812;1291;2869;0.004975035870759981
3813;1292;2836;0.02930169448883134
3814;1292;2869;-0.029567375656518048
3815;1292;2870;0.0002656811676867045
3816;1293;2837;0.022814792293153037
3817;1293;2870;-0.00020789742234730428
3818;1293;2871;-0.022606894870805732
3819;1294;2838;-9.69173553024326e-05
3820;1294;2871;-0.008127586009454756
3821;1294;2872;0.00822450336475719
3822;1295;2839;0.030607519423594833
3823;1295;2872;-0.031630533187838365
3824;1295;2873;0.0010230137642435414
3825;1296;2840;0.02171325325778256
3826;1296;2873;-0.0007133253878015607
3827;1296;2874;-0.020999927869980985
3828;1297;2841;-0.0004972045820973134
3829;1297;2874;-0.011020893804519226
3830;1297;2875;0.011518098386616538
3831;1298;2842;0.03176148520828681
3832;1298;2875;-0.03421152189300318
3833;1298;2876;0.002450036684716377
3834;1299;2843;0.02112124353612651
3835;1299;2876;-0.0015342738482910542
3836;1299;2877;-0.01958696968783546
3837;1300;2844;-0.0013631824254085464
3838;1300;2877;-0.013650846040317122
3839;1300;2878;0.015014028465725669
3840;1301;2845;0.032810497167336736
3841;1301;2878;-0.03753060481214572
3842;1301;2879;0.004720107644808985
3843;1302;2846;0.021043569196680434
3844;1302;2879;-0.0026771570639129863
3845;1302;2880;-0.018366412132767445
3846;1303;2847;-0.002874584384316709
3847;1303;2880;-0.01603999549690408
3848;1303;2881;0.01891457988122079
3849;1304;2848;0.03371325029768526
3850;1304;2881;-0.041785117377965114
3851;1304;2882;0.008071867080279856
3852;1305;2849;0.021399690851761993
3853;1305;2882;-0.004173299825067001
3854;1305;2883;-0.01722639102669499
3855;1306;2850;-0.005259426403118241
3856;1306;2883;-0.01820013761724251
3857;1306;2884;0.02345956402036075
3858;1307;2851;0.03425829418120652
3859;1307;2884;-0.047108326327562774
3860;1307;2885;0.012850032146356228
3861;1308;2852;0.021952677952505856
3862;1308;2885;-0.0060545609759581065
3863;1308;2886;-0.01589811697654775
3864;1309;2853;-0.008829981042021758
3865;1309;2886;-0.02005061331248452
3866;1309;2887;0.028880594354506278
3867;1310;2854;0.03399216996324918
3868;1310;2887;-0.053366008166816775
3869;1310;2888;0.019373838203567778
3870;1311;2855;0.02213321446631486
3871;1311;2888;-0.00818521055661251
3872;1311;2889;-0.013948003909702349
3873;1312;2856;-0.013948003909702526
3874;1312;2889;-0.02133823229768484
3875;1312;2890;0.03528623620738737
3876;1313;2857;0.03226061565015399
3877;1313;2890;-0.05970613551579548
3878;1313;2891;0.02744551986564147
3879;1314;2858;0.020782295451708708
3880;1314;2891;-0.009852678662147552
3881;1314;2892;-0.010929616789561156
3882;1315;2859;-0.02080768820754043
3883;1315;2892;-0.021606309031641752
3884;1315;2893;0.04241399723918203
3885;1316;2860;0.02835112835791237
3886;1316;2893;-0.06382354315907388
3887;1316;2894;0.035472414801161534
3888;1317;2861;0.01632332627718624
3889;1317;2894;-0.009467240962167087
3890;1317;2895;-0.006856085315019151
3891;1318;2862;-0.0281048490656341
3892;1318;2895;-0.019777401694699798
3893;1318;2896;0.047882250760333894
3894;1319;2863;0.022252339122351923
3895;1319;2896;-0.0626200829657305
3896;1319;2897;0.04036774384337856
3897;1320;2864;0.011243668923921098
3898;1320;2897;-0.007601659463417524
3899;1321;2865;0.027751127696689276
3900;1321;2898;-0.0277821102888268
3901;1321;2899;3.098259213752811e-05
3902;1322;2866;0.026110765840234036
3903;1322;2899;-2.9228099834210416e-05
3904;1322;2900;-0.02608153774039983
3905;1323;2867;-1.1557656818052998e-07
3906;1323;2900;-0.0032401113147842676
3907;1323;2901;0.003240226891352448
3908;1324;2868;0.029319588046733208
3909;1324;2901;-0.02953879391023959
3910;1324;2902;0.00021920586350638335
3911;1325;2869;0.024592339785758068
3912;1325;2902;-0.0001843061554107479
3913;1325;2903;-0.02440803363034732
3914;1326;2870;-5.778374533940025e-05
3915;1326;2903;-0.006382497272768235
3916;1326;2904;0.006440281018107636
3917;1327;2871;0.030734480880260484
3918;1327;2904;-0.03150164276246538
3919;1327;2905;0.0007671618822048946
3920;1328;2872;0.023406029823081174
3921;1328;2905;-0.0005773521393957596
3922;1328;2906;-0.022828677683685416
3923;1329;2873;-0.0003096883764419809
3924;1329;2906;-0.009339055220434076
3925;1329;2907;0.00964874359687606
3926;1330;2874;0.03202082167450021
3927;1330;2907;-0.033888177299074146
3928;1330;2908;0.0018673556245739375
3929;1331;2875;0.02269342350638664
3930;1331;2908;-0.0012662825259313476
3931;1331;2909;-0.021427140980455294
3932;1332;2876;-0.0009157628364253228
3933;1332;2909;-0.01207388488720477
3934;1332;2910;0.012989647723630093
3935;1333;2877;0.0332378157281526
3936;1333;2910;-0.036930268515975403
3937;1333;2911;0.0036924527878227954
3938;1334;2878;0.02251657634642005
3939;1334;2911;-0.002274296931991533
3940;1334;2912;-0.020242279414428514
3941;1335;2879;-0.0020429505808959984
3942;1335;2912;-0.014603218388240899
3943;1335;2913;0.0166461689691369
3944;1336;2880;0.03440640762967149
3945;1336;2913;-0.04086441570904997
3946;1336;2914;0.006458008079378455
3947;1337;2881;0.022870537496744326
3948;1337;2914;-0.0036403502255149102
3949;1337;2915;-0.019230187271229417
3950;1338;2882;-0.0038985672552128486
3951;1338;2915;-0.016969138630618708
3952;1338;2916;0.02086770588583165
3953;1339;2883;0.0354265286439375
3954;1339;2916;-0.04593921409846369
3955;1339;2917;0.010512685454526192
3956;1340;2884;0.02364876230720202
3957;1340;2917;-0.0054443774002285485
3958;1340;2918;-0.018204384906973473
3959;1341;2885;-0.00679547117039812
3960;1341;2918;-0.01917699823607485
3961;1341;2919;0.025972469406472885
3962;1342;2886;0.03594873028903221
3963;1342;2919;-0.052325597229296486
3964;1342;2920;0.016376866940264266
3965;1343;2887;0.0244854138123105
3966;1343;2920;-0.007744194423810278
3967;1343;2921;-0.016741219388500223
3968;1344;2888;-0.01118862764695527
3969;1344;2921;-0.021071988003198858
3970;1344;2922;0.032260615650154076
3971;1345;2889;0.03528623620738716
3972;1345;2922;-0.059706135515795455
3973;1345;2923;0.02441989930840832
3974;1346;2890;0.02441989930840812
3975;1346;2923;-0.010219637765407897
3976;1346;2924;-0.014200261543000222
3977;1347;2891;-0.01759284120349392
3978;1347;2924;-0.022255428375130355
3979;1347;2925;0.03984826957862427
3980;1348;2892;0.03253592582120292
3981;1348;2925;-0.06643333227281212
3982;1348;2926;0.033897406451609186
3983;1349;2893;0.02140954591989184
3984;1349;2926;-0.011362715622600602
3985;1349;2927;-0.010046830297291233
3986;1350;2894;-0.026005173838994446
3987;1350;2927;-0.02195692546387517
3988;1350;2928;0.04796209930286962
3989;1351;2895;0.026633487009718945
3990;1351;2928;-0.06782872772052867
3991;1351;2929;0.041195240710809725
3992;1352;2896;0.0147378322053966
3993;1352;2929;-0.009415584813807883
3994;1352;2930;-0.005322247391588717
3995;1353;2897;-0.03276608437996088
3996;1353;2930;-0.018355455103261573
3997;1354;2898;0.0277821102888268
3998;1354;2931;-0.0277821102888268
3999;1355;2899;-1.754492303317689e-06
4000;1355;2931;-0.0015732543763700175
4001;1355;2932;0.001575008868673335
4002;1356;2900;0.02932164905518409
4003;1356;2932;-0.029497643081724173
4004;1356;2933;0.0001759940265400899
4005;1357;2901;0.02629856701888713
4006;1357;2933;-0.00015784329188998344
4007;1357;2934;-0.026140723726997155
4008;1358;2902;-3.489970809563523e-05
4009;1358;2934;-0.004674637178043977
4010;1358;2935;0.004709536886139613
4011;1359;2903;0.030790530903115582
4012;1359;2935;-0.03137477589415253
4013;1359;2936;0.0005842449910369359
4014;1360;2904;0.02506136174435774
4015;1360;2936;-0.00047126838451312723
4016;1360;2937;-0.024590093359844613
4017;1361;2905;-0.0001898097428091349
4018;1361;2937;-0.007647512564445462
4019;1361;2938;0.007837322307254597
4020;1362;2906;0.03216773290411949
4021;1362;2938;-0.03359152215585613
4022;1362;2939;0.001423789251736641
4023;1363;2907;0.024239433702198075
4024;1363;2939;-0.0010384364001206616
4025;1363;2940;-0.023200997302077413
4026;1364;2908;-0.0006010730986425899
4027;1364;2940;-0.010440772963471172
4028;1364;2941;0.011041846062113756
4029;1365;2909;0.03350102586766006
4030;1365;2941;-0.03636963058835305
4031;1365;2942;0.0028686047206929804
4032;1366;2910;0.023940620792345317
4033;1366;2942;-0.0019054504862202081
4034;1366;2943;-0.022035170306125104
4035;1367;2911;-0.0014181558558312626
4036;1367;2943;-0.013054867870299174
4037;1367;2944;0.014473023726130452
4038;1368;2912;0.034845497802669365
4039;1368;2944;-0.03995487118686622
4040;1368;2945;0.0051093733841968934
4041;1369;2913;0.024218246739913067
4042;1369;2945;-0.003115286183825482
4043;1369;2946;-0.02110296055608759
4044;1370;2914;-0.0028176578538635453
4045;1370;2946;-0.015535872670652207
4046;1370;2947;0.018353530524515754
4047;1371;2915;0.03619932590184812
4048;1371;2947;-0.04463664040555697
4049;1371;2948;0.008437314503708854
4050;1372;2916;0.025071508212632033
4051;1372;2948;-0.00475192202493075
4052;1372;2949;-0.020319586187701282
4053;1373;2917;-0.005068308054297645
4054;1373;2949;-0.01795011740569269
4055;1373;2950;0.023018425459990333
4056;1374;2918;0.03738138314304831
4057;1374;2950;-0.050773860921280264
4058;1374;2951;0.013392477778231958
4059;1375;2919;0.026353127822823598
4060;1375;2951;-0.00697116113372199
4061;1375;2952;-0.01938196668910161
4062;1376;2920;-0.008632672516454016
4063;1376;2952;-0.020285901570321847
4064;1376;2953;0.028918574086775815
4065;1377;2921;0.037813207391699064
4066;1377;2953;-0.05859550284340802
4067;1377;2954;0.020782295451708975
4068;1378;2922;0.02744551986564138
4069;1378;2954;-0.009852678662147651
4070;1378;2955;-0.017592841203493727
4071;1379;2923;-0.014200261543000428
4072;1379;2955;-0.02225542837513031
4073;1379;2956;0.03645568991813074
4074;1380;2924;0.03645568991813057
4075;1380;2956;-0.06735556120003738
4076;1380;2957;0.030899871281906806
4077;1381;2925;0.02658506269418784
4078;1381;2957;-0.012585066907746214
4079;1381;2958;-0.013999995786441625
4080;1382;2926;-0.0225346908290086
4081;1382;2958;-0.02325741199878905
4082;1382;2959;0.04579210282779764
4083;1383;2927;0.03200375576116641
4084;1383;2959;-0.0735517485553111
4085;1383;2960;0.04154799279414466
4086;1384;2928;0.01986662841765905
4087;1384;2960;-0.011807191654657271
4088;1384;2961;-0.00805943676300178
4089;1385;2929;-0.03177965589700185
4090;1385;2961;-0.0212273773241389
4091;1385;2962;0.05300703322114274
4092;1386;2930;0.02367770249485029
4093;1386;2962;-0.06986764559412276
4094;1387;2931;0.029355364665196816
4095;1387;2963;-0.029464375727418113
4096;1387;2964;0.00010901106222129537
4097;1388;2932;0.027922634213050822
4098;1388;2964;-0.00010357511490577544
4099;1388;2965;-0.027819059098145048
4100;1389;2933;-1.8150734650106442e-05
4101;1389;2965;-0.0030308863138441867
4102;1389;2966;0.003049037048494293
4103;1390;2934;0.030815360905041153
4104;1390;2966;-0.03125678278649281
4105;1390;2967;0.0004414218814516157
4106;1391;2935;0.026665239008012917
4107;1391;2967;-0.0003791419031649362
4108;1391;2968;-0.02628609710484798
4109;1392;2936;-0.00011297660652380862
4110;1392;2968;-0.005980738137817841
4111;1392;2969;0.006093714744341653
4112;1393;2937;0.03223760592429008
4113;1393;2969;-0.03332456621369935
4114;1393;2970;0.0010869602894092705
4115;1394;2938;0.025754199848601535
4116;1394;2970;-0.0008473277877884646
4117;1394;2971;-0.024906872060813073
4118;1395;2939;-0.0003853528516159777
4119;1395;2971;-0.008792526365593276
4120;1395;2972;0.009177879217209254
4121;1396;2940;0.033641770265548585
4122;1396;2972;-0.0358621110482662
4123;1396;2973;0.0022203407827176176
4124;1397;2941;0.025327784526239246
4125;1397;2973;-0.0015806254193874581
4126;1397;2974;-0.023747159106851785
4127;1398;2942;-0.0009631542344727721
4128;1398;2974;-0.011449287967110481
4129;1398;2975;0.012412442201583253
4130;1399;2943;0.03509003817642418
4131;1399;2975;-0.039104478466500475
4132;1399;2976;0.004014440290076299
4133;1400;2944;0.025481847460735764
4134;1400;2976;-0.002629573292699453
4135;1400;2977;-0.02285227416803631
4136;1401;2945;-0.001994087200371416
4137;1401;2977;-0.013984429491297176
4138;1401;2978;0.015978516691668592
4139;1402;2946;0.03663883322673981
4140;1402;2978;-0.0433399605472575
4141;1402;2979;0.006701127320517681
4142;1403;2947;0.026283109881041218
4143;1403;2979;-0.004069106155909929
4144;1403;2980;-0.022214003725131288
4145;1404;2948;-0.0036853924787781044
4146;1404;2980;-0.016478629783241446
4147;1404;2981;0.020164022262019608
4148;1405;2949;0.03826970359339399
4149;1405;2981;-0.0489669403042419
4150;1405;2982;0.010697236710847914
4151;1406;2950;0.027755435461289935
4152;1406;2982;-0.006050011963435092
4153;1406;2983;-0.021705423497854842
4154;1407;2951;-0.006421316644509973
4155;1407;2983;-0.01903809804839387
4156;1407;2984;0.025459414692903838
4157;1408;2952;0.03966786825942333
4158;1408;2984;-0.05656795381075887
4159;1408;2985;0.0169000855513355
4160;1409;2953;0.029676928756632207
4161;1409;2985;-0.008869240549091932
4162;1409;2986;-0.02080768820754027
4163;1410;2954;-0.010929616789561322
4164;1410;2986;-0.0216063090316417
4165;1410;2987;0.03253592582120302
4166;1411;2955;0.03984826957862404
4167;1411;2987;-0.06643333227281233
4168;1411;2988;0.02658506269418824
4169;1412;2956;0.03089987128190665
4170;1412;2988;-0.012585066907746335
4171;1412;2989;-0.018314804374160318
4172;1413;2957;-0.01831480437416061
4173;1413;2989;-0.023662721198459406
4174;1413;2990;0.041977525572620016
4175;1414;2958;0.03725740778523068
4176;1414;2990;-0.07676350737377349
4177;1414;2991;0.03950609958854283
4178;1415;2959;0.02775964572751347
4179;1415;2991;-0.014949829419733524
4180;1415;2992;-0.012809816307779947
4181;1416;2960;-0.029740801139487384
4182;1416;2992;-0.024295430558055796
4183;1416;2993;0.05403623169754318
4184;1417;2961;0.029286814087140685
4185;1417;2993;-0.07795544287336599
4186;1417;2994;0.048668628786225326
4187;1418;2962;0.01686061237297972
4188;1418;2994;-0.011220524702037793
4189;1419;2963;0.029464375727418116
4190;1419;2995;-0.029464375727418113
4191;1420;2964;-5.435947315519881e-06
4192;1420;2995;-0.0014692710159430588
4193;1420;2996;0.001474706963258579
4194;1421;2965;0.030849945411989238
4195;1421;2996;-0.03116003081680832
4196;1421;2997;0.0003100854048190956
4197;1422;2966;0.028207745737998512
4198;1422;2997;-0.00028183975379267355
4199;1422;2998;-0.027925905984205843
4200;1423;2967;-6.227997828667948e-05
4201;1423;2998;-0.004365939979626295
4202;1423;2999;0.004428219957912975
4203;1424;2968;0.032266835242665826
4204;1424;2999;-0.03309122022332023
4205;1424;3000;0.0008243849806544022
4206;1425;2969;0.0272308514693577
4207;1425;3000;-0.0006828221296591565
4208;1425;3001;-0.02654802933969854
4209;1426;2970;-0.000239632501620806
4210;1426;3001;-0.007162549164853367
4211;1426;3002;0.007402181666474175
4212;1427;2971;0.03369939842640637
4213;1427;3002;-0.03541346527958566
4214;1427;3003;0.0017140668531793043
4215;1428;2972;0.026684231831056948
4216;1428;3003;-0.00130026434777111
4217;1428;3004;-0.02538396748328583
4218;1429;2973;-0.0006397153633301597
4219;1429;3004;-0.009828965110062775
4220;1429;3005;0.010468680473392935
4221;1430;2974;0.035196447073962245
4222;1430;3005;-0.03833727931769691
4223;1430;3006;0.0031408322437347603
4224;1431;2975;0.026692036264917268
4225;1431;3006;-0.0021970951269833783
4226;1431;3007;-0.024494941137933914
4227;1432;2976;-0.0013848669973768458
4228;1432;3007;-0.012379532807748572
4229;1432;3008;0.013764399805125421
4230;1433;2977;0.03683670365933348
4231;1433;3008;-0.042129453710595136
4232;1433;3009;0.005292750051261652
4233;1434;2978;0.0273614438555889
4234;1434;3009;-0.003440708884420507
4235;1434;3010;-0.023920734971168395
4236;1435;2979;-0.002632021164607766
4237;1435;3010;-0.01488214485392594
4238;1435;3011;0.01751416601853371
4239;1436;2980;0.03869263350837272
4240;1436;3011;-0.04716290572849251
4241;1436;3012;0.008470272220119875
4242;1437;2981;0.028802918042222292
4243;1437;3012;-0.005152873672098002
4244;1437;3013;-0.023650044370124287
4245;1438;2982;-0.004647224747412822
4246;1438;3013;-0.01746708804339548
4247;1438;3014;0.022114312790808298
4248;1439;2983;0.040743521546248704
4249;1439;3014;-0.054041364335147654
4250;1439;3015;0.01329784278889896
4251;1440;2984;0.031108539117855025
4252;1440;3015;-0.007592370479132717
4253;1440;3016;-0.023516168638722308
4254;1441;2985;-0.008030845002243568
4255;1441;3016;-0.020320283355668885
4256;1441;3017;0.028351128357912453
4257;1442;2986;0.042413997239182
4258;1442;3017;-0.06382354315907438
4259;1442;3018;0.02140954591989222
4260;1443;2987;0.033897406451609303
4261;1443;3018;-0.01136271562260079
4262;1443;3019;-0.022534690829008514
4263;1444;2988;-0.01399999578644191
4264;1444;3019;-0.023257411998789078
4265;1444;3020;0.03725740778523065
4266;1445;2989;0.041977525572619745
4267;1445;3020;-0.07676350737377333
4268;1445;3021;0.03478598180115363
4269;1446;2990;0.034785981801153484
4270;1446;3021;-0.01624948300011662
4271;1446;3022;-0.01853649880103686
4272;1447;2991;-0.024556270168809312
4273;1447;3022;-0.02542590970742721
4274;1447;3023;0.04998217987623653
4275;1448;2992;0.037105246865835766
4276;1448;3023;-0.08814170575400976
4277;1448;3024;0.05103645888817398
4278;1449;2993;0.02391921117582281
4279;1449;3024;-0.014792160355259787
4280;1449;3025;-0.009127050820563025
4281;1450;2994;-0.037448104084187514
4282;1450;3025;-0.022888154881693764
4283;1451;2995;0.030933646743361173
4284;1451;3026;-0.031101615343141008
4285;1451;3027;0.0001679685997798376
4286;1452;2996;0.029685323853549737
4287;1452;3027;-0.00016059608429990478
4288;1452;3028;-0.029524727769249845
4289;1453;2997;-2.8245651026422002e-05
4290;1453;3028;-0.002823008937347364
4291;1453;3029;0.0028512545883737856
4292;1454;2998;0.03229184596383214
4293;1454;3029;-0.032898209311252744
4294;1454;3030;0.0006063633474206048
4295;1455;2999;0.02866300026540725
4296;1455;3030;-0.0005306525962259713
4297;1455;3031;-0.02813234766918128
4298;1456;3000;-0.0001415628509952456
4299;1456;3031;-0.005577201554718475
4300;1456;3032;0.005718764405713719
4301;1457;3001;0.033710578504551905
4302;1457;3032;-0.03502631178675668
4303;1457;3033;0.001315733282204771
4304;1458;3002;0.02801128361311148
4305;1458;3033;-0.0010578949462006241
4306;1458;3034;-0.026953388666910855
4307;1459;3003;-0.00041380250540819436
4308;1459;3034;-0.008226481924303135
4309;1459;3035;0.008640284429711327
4310;1460;3004;0.03521293259334861
4311;1460;3035;-0.037662510932385276
4312;1460;3036;0.0024495783390366776
4313;1461;3005;0.02786859884430376
4314;1461;3036;-0.0018202042364942627
4315;1461;3037;-0.0260483946078095
4316;1462;3006;-0.000943737116751382
4317;1462;3037;-0.01076696775823096
4318;1462;3038;0.011710704874982342
4319;1463;3007;0.03687447394568249
4320;1463;3038;-0.041042168057231085
4321;1463;3039;0.004167694111548609
4322;1464;3008;0.028365053905469714
4323;1464;3039;-0.0028833714410653496
4324;1464;3040;-0.025481682464404364
4325;1465;3009;-0.001852041166841146
4326;1465;3040;-0.013243402081564656
4327;1465;3041;0.0150954432484058
4328;1466;3010;0.03880287982509433
4329;1466;3041;-0.04549174563602406
4330;1466;3042;0.006688865810929732
4331;1467;3011;0.029648739709958793
4332;1467;3042;-0.004342809981450384
4333;1467;3043;-0.02530592972850841
4334;1468;3012;-0.003317398548021875
4335;1468;3043;-0.01576583208887665
4336;1468;3044;0.019083230636898516
4337;1469;3013;0.04111713241351976
4338;1469;3044;-0.05153408898064544
4339;1469;3045;0.01041695656712565
4340;1470;3014;0.03192705154433935
4341;1470;3045;-0.006388867915101437
4342;1470;3046;-0.025538183629237918
4343;1471;3015;-0.0057054723097662435
4344;1471;3046;-0.018546753691734197
4345;1471;3047;0.02425222600150044
4346;1472;3016;0.04383645199439119
4347;1472;3047;-0.06015977827157766
4348;1472;3048;0.016323326277186457
4349;1473;3017;0.035472414801161936
4350;1473;3048;-0.009467240962167292
4351;1473;3049;-0.026005173838994637
4352;1474;3018;-0.010046830297291426
4353;1474;3049;-0.021956925463875284
4354;1474;3050;0.032003755761166694
4355;1475;3019;0.045792102827797596
4356;1475;3050;-0.07355174855531177
4357;1475;3051;0.027759645727513313
4358;1476;3020;0.039506099588542676
4359;1476;3051;-0.014949829419733423
4360;1476;3052;-0.024556270168809256
4361;1477;3021;-0.018536498801037006
4362;1477;3052;-0.02542590970742729
4363;1477;3053;0.043962408508464314
4364;1478;3022;0.043962408508464064
4365;1478;3053;-0.09140018778443586
4366;1478;3054;0.047437779275971786
4367;1479;3023;0.03815952587777324
4368;1479;3054;-0.02094629182542794
4369;1479;3055;-0.017213234052345306
4370;1480;3024;-0.03624429853291419
4371;1480;3055;-0.028235801495170007
4372;1480;3056;0.06448010002808457
4373;1481;3025;0.0320152057022568
4374;1481;3056;-0.09230887064743137
4375;1482;3026;0.03110161534314101
4376;1482;3057;-0.03110161534314101
4377;1483;3027;-7.3725154799328646e-06
4378;1483;3057;-0.001365119080999438
4379;1483;3058;0.0013724915964793709
4380;1484;3028;0.0323477367065972
4381;1484;3058;-0.03275570494921733
4382;1484;3059;0.0004079682426201314
4383;1485;3029;0.030046954722878952
4384;1485;3059;-0.0003751968440350594
4385;1485;3060;-0.029671757878843893
4386;1486;3030;-7.57107511946333e-05
4387;1486;3060;-0.00405638984482414
4388;1486;3061;0.004132100596018773
4389;1487;3031;0.03370954922389976
4390;1487;3061;-0.03470328549572921
4391;1487;3062;0.0009937362718294637
4392;1488;3032;0.029307547381042957
4393;1488;3062;-0.0008425812822857821
4394;1488;3063;-0.028464966098757177
4395;1489;3033;-0.00025783833600414766
4396;1489;3063;-0.006666612826343128
4397;1489;3064;0.006924451162347271
4398;1490;3034;0.03517987059121399
4399;1490;3064;-0.03708183976755751
4400;1490;3065;0.0019019691763435213
4401;1491;3035;0.029022226502673942
4402;1491;3065;-0.001493915635158325
4403;1491;3066;-0.027528310867515615
4404;1492;3036;-0.0006293741025424189
4405;1492;3066;-0.009178583075917963
4406;1492;3067;0.009807957178460388
4407;1493;3037;0.03681536236604046
4408;1493;3067;-0.0400901730031229
4409;1493;3068;0.0032748106370824254
4410;1494;3038;0.029331463182248746
4411;1494;3068;-0.002398839641898546
4412;1494;3069;-0.026932623540350198
4413;1495;3039;-0.0012843226704832597
4414;1495;3069;-0.011613243689465872
4415;1495;3070;0.012897566359949129
4416;1496;3040;0.03872508454596901
4417;1496;3070;-0.044004641789965146
4418;1496;3071;0.005279557243996143
4419;1497;3041;0.030396302387618257
4420;1497;3071;-0.003635629174993324
4421;1497;3072;-0.026760673212624937
4422;1498;3042;-0.0023460558294793495
4423;1498;3072;-0.014047360890274778
4424;1498;3073;0.016393416719754125
4425;1499;3043;0.04107176181738505
4426;1499;3073;-0.04925190104970746
4427;1499;3074;0.008180139232322421
4428;1500;3044;0.03245085834374692
4429;1500;3074;-0.005339597847829924
4430;1500;3075;-0.027111260495916993
4431;1501;3045;-0.004028088652024215
4432;1501;3075;-0.016648545256086174
4433;1501;3076;0.020676633908110385
4434;1502;3046;0.044084937320972115
4435;1502;3076;-0.056611537511448734
4436;1502;3077;0.012526600190476633
4437;1503;3047;0.03590755227007722
4438;1503;3077;-0.007802703204443171
4439;1503;3078;-0.028104849065634048
4440;1504;3048;-0.006856085315019163
4441;1504;3078;-0.01977740169469952
4442;1504;3079;0.026633487009718685
4443;1505;3049;0.04796209930286989
4444;1505;3079;-0.06782872772052924
4445;1505;3080;0.01986662841765935
4446;1506;3050;0.04154799279414509
4447;1506;3080;-0.011807191654657462
4448;1506;3081;-0.029740801139487624
4449;1507;3051;-0.012809816307779892
4450;1507;3081;-0.02429543055805599
4451;1507;3082;0.037105246865835884
4452;1508;3052;0.04998217987623654
4453;1508;3082;-0.08814170575401006
4454;1508;3083;0.03815952587777352
4455;1509;3053;0.047437779275971544
4456;1509;3083;-0.02094629182542792
4457;1509;3084;-0.026491487450543624
4458;1510;3054;-0.026491487450543874
4459;1510;3084;-0.02850434564566478
4460;1510;3085;0.05499583309620865
4461;1511;3055;0.04544903554751531
4462;1511;3085;-0.1148134557755652
4463;1511;3086;0.06936442022804995
4464;1512;3056;0.027828770619346722
4465;1512;3086;-0.018598611708558796
4466;1513;3057;0.03246673442414044
4467;1513;3087;-0.03267688861429617
4468;1513;3088;0.00021015419015572647
4469;1514;3058;0.03138321335273795
4470;1514;3088;-0.00020204946155057526
4471;1514;3089;-0.031181163891187382
4472;1515;3059;-3.2771398585071946e-05
4473;1515;3089;-0.0026142702553064653
4474;1515;3090;0.0026470416538915374
4475;1516;3060;0.03372814772366802
4476;1516;3090;-0.034448807344627005
4477;1516;3091;0.0007206596209589702
4478;1517;3061;0.030571184899710432
4479;1517;3091;-0.0006412372903234371
4480;1517;3092;-0.029929947609386994
4481;1518;3062;-0.0001511549895436815
4482;1518;3092;-0.005167918112589202
4483;1518;3093;0.005319073102132883
4484;1519;3063;0.0351315789251003
4485;1519;3093;-0.03659420161885567
4486;1519;3094;0.001462622693755363
4487;1520;3064;0.03015738860521024
4488;1520;3094;-0.0012087827341204704
4489;1520;3095;-0.02894860587108977
4490;1521;3065;-0.0004080535411851959
4491;1521;3095;-0.007636755227387134
4492;1521;3096;0.00804480876857233
4493;1522;3066;0.036706893943433586
4494;1522;3096;-0.039272877192051865
4495;1522;3097;0.002565983248618285
4496;1523;3067;0.0302822158246626
4497;1523;3097;-0.0019810293609475926
4498;1523;3098;-0.028301186463714968
4499;1524;3068;-0.0008759709951838793
4500;1524;3098;-0.010022093648475928
4501;1524;3099;0.010898064643659808
4502;1525;3069;0.038545867229816067
4503;1525;3099;-0.042712995613547494
4504;1525;3100;0.004167128383731432
4505;1526;3070;0.031107075430016014
4506;1526;3100;-0.0030280567490236355
4507;1526;3101;-0.028079018680992378
4508;1527;3071;-0.0016439280690028184
4509;1527;3101;-0.012368201192594849
4510;1527;3102;0.014012129261597667
4511;1528;3072;0.04080803410289971
4512;1528;3102;-0.047255193172470046
4513;1528;3103;0.006447159069570332
4514;1529;3073;0.032858484329953336
4515;1529;3103;-0.004448314658598067
4516;1529;3104;-0.028410169671355276
4517;1530;3074;-0.0028405413844924832
4518;1530;3104;-0.014787328613807119
4519;1530;3105;0.017627869998299604
4520;1531;3075;0.04375980575200317
4521;1531;3105;-0.053485116115349965
4522;1531;3106;0.0097253103633468
4523;1532;3076;0.035934903603338356
4524;1532;3106;-0.0064304448977686515
4525;1532;3107;-0.029504458705569704
4526;1533;3077;-0.004723896986033465
4527;1533;3107;-0.01752844213631842
4528;1533;3108;0.02225233912235189
4529;1534;3078;0.047882250760333575
4530;1534;3108;-0.0626200829657301
4531;1534;3109;0.014737832205396527
4532;1535;3079;0.04119524071081056
4533;1535;3109;-0.00941558481380805
4534;1535;3110;-0.031779655897002504
4535;1536;3080;-0.008059436763001897
4536;1536;3110;-0.021227377324139086
4537;1536;3111;0.029286814087140976
4538;1537;3081;0.05403623169754361
4539;1537;3111;-0.07795544287336689
4540;1537;3112;0.023919211175823275
4541;1538;3082;0.051036458888174194
4542;1538;3112;-0.01479216035526009
4543;1538;3113;-0.0362442985329141
4544;1539;3083;-0.017213234052345597
4545;1539;3113;-0.02823580149517019
4546;1539;3114;0.045449035547515795
4547;1540;3084;0.05499583309620841
4548;1540;3114;-0.11481345577556494
4549;1540;3115;0.05981762267935654
4550;1541;3085;0.05981762267935655
4551;1541;3115;-0.033721726599829735
4552;1541;3116;-0.026095896079526802
4553;1542;3086;-0.05076580851949123
4554;1542;3116;-0.03665813793070802
4555;1543;3087;0.03267688861429617
4556;1543;3117;-0.03267688861429618
4557;1544;3088;-8.104728605151236e-06
4558;1544;3117;-0.0012602047748054494
4559;1544;3118;0.0012683095034106
4560;1545;3089;0.03379543414649385
4561;1545;3118;-0.03426968995768945
4562;1545;3119;0.0004742558111955952
4563;1546;3090;0.03180176569073546
4564;1546;3119;-0.00044075329822991526
4565;1546;3120;-0.03136101239250555
4566;1547;3091;-7.9422330635534e-05
4567;1547;3120;-0.003743910599093236
4568;1547;3121;0.003823332929728771
4569;1548;3092;0.035097865721976186
4570;1548;3121;-0.036198703150682555
4571;1548;3122;0.0011008374287063576
4572;1549;3093;0.03127512851672277
4573;1549;3122;-0.0009530622033318128
4574;1549;3123;-0.03032206631339094
4575;1550;3094;-0.0002538399596348934
4576;1550;3123;-0.006157432352051467
4577;1550;3124;0.006411272311686358
4578;1551;3095;0.03658536109847689
4579;1551;3124;-0.03858443755025165
4580;1551;3125;0.0019990764517747233
4581;1552;3096;0.031228068423479537
4582;1552;3125;-0.0016197960128165956
4583;1552;3126;-0.029608272410662974
4584;1553;3097;-0.0005849538876706946
4585;1553;3126;-0.008488451662481588
4586;1553;3127;0.009073405550152283
4587;1554;3098;0.038323280112190924
4588;1554;3127;-0.041609992180406744
4589;1554;3128;0.003286712068215814
4590;1555;3099;0.031814930969887696
4591;1555;3128;-0.0025092217774453744
4592;1555;3129;-0.029305709192442336
4593;1556;3100;-0.0011390716347077965
4594;1556;3129;-0.010754629117353854
4595;1556;3130;0.01189370075206165
4596;1557;3101;0.040447219873587216
4597;1557;3130;-0.04554458302863619
4598;1557;3131;0.00509736315504894
4599;1558;3102;0.03324306391087247
4600;1558;3131;-0.003697944172255328
4601;1558;3132;-0.029545119738617114
4602;1559;3103;-0.0019988444109722654
4603;1559;3132;-0.013021015541379653
4604;1559;3133;0.015019859952351913
4605;1560;3104;0.043197498285162415
4606;1560;3133;-0.05082380334444461
4607;1560;3134;0.007626305059282199
4608;1561;3105;0.03585724611705038
4609;1561;3134;-0.0053103408136857795
4610;1561;3135;-0.030546905303364617
4611;1562;3106;-0.003294865465578149
4612;1562;3135;-0.015436805990373201
4613;1562;3136;0.01873167145595133
4614;1563;3107;0.04703290084188811
4615;1563;3136;-0.05827656976580944
4616;1563;3137;0.011243668923921299
4617;1564;3108;0.04036774384337839
4618;1564;3137;-0.007601659463417604
4619;1564;3138;-0.032766084379960925
4620;1565;3109;-0.005322247391588474
4621;1565;3138;-0.018355455103260802
4622;1565;3139;0.023677702494849323
4623;1566;3110;0.05300703322114163
4624;1566;3139;-0.06986764559412142
4625;1566;3140;0.016860612372979752
4626;1567;3111;0.04866862878622591
4627;1567;3140;-0.011220524702038171
4628;1567;3141;-0.03744810408418771
4629;1568;3112;-0.009127050820563185
4630;1568;3141;-0.02288815488169383
4631;1568;3142;0.032015205702257
4632;1569;3113;0.06448010002808427
4633;1569;3142;-0.09230887064743204
4634;1569;3143;0.02782877061934675
4635;1570;3114;0.06936442022804915
4636;1570;3143;-0.018598611708558605
4637;1570;3144;-0.0507658085194906
4638;1571;3115;-0.026095896079526795
4639;1571;3144;-0.03665813793070791
4640;1571;3145;0.06275403401023494
4641;1572;3116;0.06275403401023474
4642;1572;3145;-0.19500631341118876
